phylospatial_scripts/05_spatial_correlation_analysis/spatial_corr_example_data/predictor_layers/KrigeSoil_fernRcropNEW_masked_final.asc
NCOLS 342 
NROWS 262 
XLLCORNER -78.548699433 
YLLCORNER -17.550894209 
CELLSIZE 0.1 
NODATA_value -9999 
[rows 57 to 75 of 262, columns 43 to 85 of 342]
-0.118411091572482 -0.142230701305778 -9999 -9999 -0.247044884379203 -0.291323338080372 -0.32897132392918 -0.359253892083066 -0.383602319570357 -0.40372384329562 -9999 -9999 -9999 -9999 -0.466424070017284 -0.475544204860049 -0.485372834524488 -0.49516209460651 -0.504573970398876 -0.514849254921341 -0.527120297647544 -0.540694148030419 -0.554198756466883 -0.566959096821949 -0.578796290335235 -0.589661462320155 -0.599514457865046 -0.608315202964561 -0.616051918402836 -0.622792955974836 -0.628740159394096 -0.634228313384133 -0.639649391085591 -0.645360383009018 -0.651634506712216 -0.658656103783882 -0.666532260350274 -0.675304357445168 -0.684957169802963 -0.695428946988295 -0.706625387422655 -0.718437463170139 -0.730760060243562
-0.106218632088879 -0.130912832334188 -0.162375584541336 -9999 -0.244405803644411 -0.285135163919017 -0.324561107139978 -0.358204295561972 -0.38693582102457 -0.411241460805434 -0.431712600313364 -0.44899178423784 -0.463601264224487 -9999 -9999 -0.497945860875412 -0.509002729212493 -0.517950026046104 -0.525129117740959 -0.533735563896473 -0.547375827628005 -0.563253586008416 -0.578237474009973 -0.592004178997471 -0.604707692987916 -0.61639849986195 -0.627030310040565 -0.636512253489547 -0.644747824381399 -0.65171902928828 -0.657625602712688 -0.662916222594407 -0.668110255585853 -0.673608663818191 -0.679648509159013 -0.686345208982827 -0.693740183592857 -0.701827994734134 -0.710567977698308 -0.719889339625095 -0.72969332454861 -0.739847525449638 -0.750148441850926
-0.104881614106527 -0.134753173863103 -0.171621970361931 -0.213994166752693 -0.256671906227572 -0.295939677332178 -0.331945433026781 -0.365597999128437 -0.39692183404338 -0.423851722880038 -0.446709423333948 -0.466211543589475 -0.482976378167291 -0.497499132122171 -0.509139821110404 -0.522708251519496 -0.535796405984708 -0.543787500002445 -0.548338116456856 -0.552922189351917 -0.570574320097899 -0.588607907342022 -0.604205923601183 -0.61839595691497 -0.631668893725403 -0.644019624691278 -0.655326924467177 -0.665426748629528 -0.674089466066157 -0.681083799262615 -0.686556792533296 -0.691238420867412 -0.695922017027703 -0.701049048432474 -0.706760502168464 -0.71305718723839 -0.719891939073721 -0.727199994884918 -0.734901609029776 -0.742894927185602 -0.751041506884039 -0.759133643591831 -0.766811551355332
-0.114787113785995 -0.1513238871249 -0.192325234346619 -0.2388407256432 -0.284581945113713 -0.322428494448042 -0.351929240259073 -0.383145705594341 -0.415240961610765 -0.442351427711796 -0.465915360572711 -0.486528836590979 -0.504423592919723 -0.521881402796813 -0.538434679767683 -0.555214222068028 -0.563918197063676 -0.570087907899035 -0.574394505772909 -0.583629692280977 -0.599429040601356 -0.617288324001999 -0.631598965577662 -0.645728800122197 -0.659394039743885 -0.672273310392788 -0.684139036696892 -0.69479855744437 -0.703934949521897 -0.710813293573916 -0.715235001953293 -0.718769546066329 -0.722748711476632 -0.727497995925176 -0.732913263253147 -0.738821385029864 -0.745075944372513 -0.751555650428324 -0.75814368214219 -0.76470642092818 -0.771068642077896 -0.776974374545086 -0.782018972620799
-0.149464991547943 -0.186635408303436 -0.230360264819216 -0.281674339765602 -0.329005120974344 -0.364852654474312 -0.391584338577332 -0.416802451357162 -0.442532557462722 -0.466237200356507 -0.488563716174259 -0.509559382676498 -0.524902016098889 -0.542043575190177 -0.567930416050904 -0.585164871681679 -0.580204237672908 -0.587528126643104 -0.598286013794282 -0.611503329353109 -0.627408272754933 -0.643907650157773 -0.658806544347707 -0.673432931004853 -0.687568505013559 -0.700867686174456 -0.71308175119792 -0.724049240357911 -0.733757734911757 -0.740837189760725 -0.742843411013972 -0.744711574867138 -0.748166359962736 -0.752818902225991 -0.758125263469723 -0.763735087933493 -0.769437905169733 -0.775083828663874 -0.780536674914482 -0.785646128267514 -0.790224208081888 -0.794017061606283 -0.796671590405905
-0.197814906992973 -0.237561825883166 -0.28870327618663 -0.343322789629611 -0.389281886052905 -0.420702663096518 -0.440811112670457 -0.457819090845861 -0.475590859784321 -0.493319038049029 -0.512188733302922 -0.532926635581843 -0.545516043941554 -0.560849943995975 -0.5724787264752 -0.574726111900377 -0.580260326657349 -0.602977493054501 -0.621482110532789 -0.638367994901582 -0.654642355287338 -0.67014057093704 -0.685962446636575 -0.701505684200523 -0.716054650169258 -0.729565407579729 -0.741794348790011 -0.752264432558311 -0.761139588330782 -0.768110182440935 -0.766779660935846 -0.767948821376111 -0.771929859058349 -0.777095631090428 -0.782562774293854 -0.787980738010612 -0.79317199984286 -0.798001886338048 -0.802336670330322 -0.806026690968742 -0.808894685358596 -0.810724160930922 -0.811252140039328
-0.260928261628579 -0.299681356965579 -0.352986169242129 -0.414721000878497 -0.464076827522447 -0.484102072263135 -0.492205211840784 -0.499503042813223 -0.509601076212568 -0.52145961688601 -0.533150806285437 -0.553509992112976 -0.568386412349083 -0.578844361186032 -0.583586840697147 -0.58507669661418 -0.603839940927673 -0.627294498913377 -0.648651361128691 -0.667298800853154 -0.68396968820557 -0.699110746257132 -0.714954383755597 -0.730477583290877 -0.744830189964695 -0.758124144967489 -0.770186722162243 -0.779329125127167 -0.784660848936112 -0.786576556392755 -0.785396890800053 -0.78844302471241 -0.794680826910225 -0.800843353329483 -0.80656739514907 -0.811806244508588 -0.816492094555379 -0.820524289465366 -0.823777862774273 -0.826110613301036 -0.827367390668587 -0.827382993212781 -0.825988687128227
-0.332052827893302 -0.366724604052147 -0.411836422928825 -0.468986254061492 -0.530156241499762 -0.538667473478766 -0.538911948691231 -0.540087937821664 -0.541457003876919 -0.553622080932908 -0.565258481473554 -0.581237582329609 -0.596407181672383 -0.606907433333076 -0.613947502905875 -0.624118351991144 -0.641019112436854 -0.661394561154526 -0.681448168584163 -0.69974519775249 -0.716251933365063 -0.73149039741212 -0.746236253411366 -0.760439534762051 -0.773722811547548 -0.786021523060605 -0.797281630805326 -0.805058012290011 -0.807777766890221 -0.807794629572591 -0.804193592477265 -0.810559881165598 -0.818374081538692 -0.824852701788316 -0.830514438891345 -0.835439678257779 -0.839580167150302 -0.842828181627935 -0.845047768933591 -0.846095511936873 -0.845836253745644 -0.844155301216832 -0.840969707006462
-0.397424698858796 -0.426575148971121 -0.46015122574493 -0.505419955473322 -0.54721263529948 -0.570784841606335 -0.577542796535367 -0.580596433864059 -0.584859893831146 -0.593392051170278 -0.604805924572926 -0.61827145831033 -0.631932424274938 -0.643975097618876 -0.655052126413456 -0.667630738882284 -0.683168032157592 -0.70072922782635 -0.718489680906912 -0.735265240147349 -0.750714256249989 -0.764985050672613 -0.778357676622168 -0.79090078663598 -0.802503777784754 -0.813013494672612 -0.822000620875554 -0.828285744736604 -0.831493593592543 -0.832898351093193 -0.834832901999177 -0.838661714807209 -0.843804625251075 -0.849383301965077 -0.854531964455675 -0.858974601120411 -0.862531262920718 -0.865024041884235 -0.866272906396387 -0.86611369114769 -0.864419659149783 -0.861118884445533 -0.856204878770687
-0.459663869251937 -0.481626967613388 -0.509302917343846 -0.545200232185086 -0.578366955086331 -0.60058050959813 -0.612187260868322 -0.619103801263859 -0.62578612653881 -0.634493319872737 -0.645502302211946 -0.658235620976551 -0.671752469501007 -0.685267615941455 -0.698714016042063 -0.71239729373866 -0.726881954019924 -0.742297910420359 -0.757840295793322 -0.77268048484456 -0.786493489933361 -0.799187918632968 -0.810827414089402 -0.821469804354595 -0.831096189717809 -0.83959346124564 -0.846682188536878 -0.851984386182458 -0.855559216722485 -0.858208759677742 -0.861096336594885 -0.864765676430016 -0.86913973291576 -0.873871860874627 -0.878402317237022 -0.882322249728722 -0.885326052054106 -0.88714068761123 -0.887514314486085 -0.886238312150181 -0.883177765203879 -0.87829447256737 -0.871654516117099
-0.50609868970019 -0.528000036716781 -0.553144156656622 -0.585833951894858 -0.615077282112803 -0.633541473470027 -0.645994060624587 -0.655422785942861 -0.664275664034217 -0.674152228637596 -0.685630945695578 -0.698609173514815 -0.712709532714671 -0.72761714786773 -0.743031838018385 -0.757377633542073 -0.770453018659705 -0.784072905859398 -0.797802452289644 -0.810777258364169 -0.822801220362394 -0.833636521947589 -0.843296693853449 -0.851861273676614 -0.859390045301382 -0.865901134475317 -0.87136138423625 -0.875758098718945 -0.879280049724772 -0.882393604327382 -0.885642201765354 -0.889319332007194 -0.893405728455528 -0.897667759917267 -0.901742980676002 -0.905254558154481 -0.907836947114807 -0.909124559548833 -0.908769905693863 -0.906491541846978 -0.902125632153147 -0.895660257104192 -0.887240200987988
-0.546487581328928 -0.57143237732486 -0.597002644968393 -0.624331418181371 -0.648944861056144 -0.665695544400636 -0.678564678722613 -0.689655349059987 -0.7003417541679 -0.711655478541222 -0.724117285638863 -0.73782333874007 -0.752664667122019 -0.768553120417665 -0.785543584360389 -0.800552994870448 -0.811951197338594 -0.824311018225315 -0.836832303250721 -0.848573806936901 -0.858939740336454 -0.867812147593726 -0.875360009875547 -0.88173828829131 -0.887093682432587 -0.891609361141128 -0.895477046925933 -0.898882140472476 -0.902038770973188 -0.905201747861913 -0.908595652650988 -0.912312757978843 -0.916283526989269 -0.920317420804742 -0.924147732379611 -0.927452281261827 -0.929838952782694 -0.93084097888589 -0.929976536933573 -0.92685002624017 -0.921240384645436 -0.913155765031086 -0.902840827701134
-0.584713589613442 -0.611715699608335 -0.636700786969096 -0.659331838052827 -0.679124151458834 -0.695364044824929 -0.709059218367058 -0.721577539352327 -0.733898477063334 -0.746703286943154 -0.760363938959507 -0.774970828550728 -0.790424231710136 -0.806504856058742 -0.822666864660824 -0.837223165777984 -0.8498112494446 -0.862142326171116 -0.874365368941771 -0.885475220686872 -0.894289025513539 -0.901108560409983 -0.906524134570071 -0.910679680214407 -0.913767121360763 -0.916184055376705 -0.918370041347585 -0.920664238387103 -0.923276353981409 -0.926301867624883 -0.929742858280605 -0.933517720635062 -0.937467934404654 -0.941412957303292 -0.945167113698218 -0.948491729624542 -0.950993161817736 -0.952061371655119 -0.951000788653468 -0.947239671645994 -0.940458896425799 -0.930673683587066 -0.918272042720325
-0.619120150225431 -0.648345961845759 -0.67277170652008 -0.690989212241087 -0.707466482220229 -0.722796451533196 -0.737116241333182 -0.750936546755918 -0.764798526789743 -0.779107948171951 -0.794070300284334 -0.809671744900894 -0.825695274657563 -0.841739340259157 -0.857200654765205 -0.871424324848127 -0.884441601411206 -0.896982179248287 -0.909476685694152 -0.921042260672239 -0.927918940100725 -0.932648488126887 -0.936215041336606 -0.938230132384787 -0.93888170364771 -0.938982524162919 -0.939329999401524 -0.940415163916049 -0.942423059509156 -0.945273461104514 -0.948740524102358 -0.952599415107459 -0.956562198496812 -0.960460316395535 -0.964216200645161 -0.967761588049184 -0.970786557388979 -0.972424872078887 -0.971598966253634 -0.96749952358166 -0.959657933287178 -0.94803367768331 -0.93323830225284
-0.647124726187992 -0.67787144133748 -0.70163078897026 -0.716676325896762 -0.731910589593169 -0.747190801415223 -0.762339682022562 -0.777487541112968 -0.792882517770464 -0.808729044298474 -0.825091041817089 -0.841834099044567 -0.858596658282058 -0.874817190223709 -0.889905548162375 -0.903595678521251 -0.916175540048075 -0.928227269833716 -0.940171931511306 -0.951437821093259 -0.957230934566875 -0.961205668103861 -0.96391510425845 -0.963993927461808 -0.961807814488091 -0.959245767915399 -0.957585126137895 -0.957414453850112 -0.958879512739479 -0.961661038212829 -0.965108926724006 -0.969045251706768 -0.972928063756916 -0.976762790714911 -0.980443412994431 -0.984290026124923 -0.988418289197999 -0.991368916262334 -0.991289278117523 -0.987248231892776 -0.978603021156682 -0.964921690097871 -0.947225376245555
-0.6648217341975 -0.693267071694406 -0.71633468415442 -0.734769903778343 -0.751525249938262 -0.767960337765481 -0.784403090179773 -0.801029471010892 -0.818004298835352 -0.835436833856153 -0.853310107995096 -0.871407831808503 -0.889236224764808 -0.905987419568364 -0.920799905756592 -0.933539449737078 -0.944947698527461 -0.955684407023414 -0.965836791520898 -0.974642794435592 -0.981033019167502 -0.985794297549011 -0.989297552349055 -0.98752868432742 -0.981577423793312 -0.976062383308241 -0.972338735424705 -0.970924408260532 -0.971958432264007 -0.975108891830163 -0.978220369218537 -0.981388222398621 -0.984800882737486 -0.989171116288266 -0.992404069434049 -0.996440339590757 -1.0026031655116 -1.00800715057823 -1.00891187600291 -1.00540998821758 -0.996867313935332 -0.980719017007024 -0.959238431769857
-0.676763514202916 -0.703683395586393 -0.72739810629706 -0.748082958359583 -0.76698939390472 -0.785186669644315 -0.803244058575132 -0.821468425562136 -0.840050359860231 -0.859086641091946 -0.878546842745259 -0.898207311637948 -0.917527476488646 -0.93539485235211 -0.949991301009167 -0.961017517088426 -0.970664317884334 -0.979741148932811 -0.988039725574458 -0.995153879768668 -1.00082850543648 -1.00534818535778 -1.00894113929761 -1.00551601649054 -0.99667995722428 -0.988551952843823 -0.982942104840009 -0.980418169705532 -0.980632500273152 -0.985079758959884 -0.987366924341103 -0.98876297347466 -0.990725088771339 -0.993704987583038 -0.996557082463852 -1.00204604026796 -1.0111600193615 -1.01952182029139 -1.01997850181581 -1.01870170789801 -1.01361520569948 -0.993735759572743 -0.967146924198763
-0.68596884726519 -0.712208432394004 -0.736429480809196 -0.758618883380666 -0.779349902409365 -0.799306631628354 -0.81901319212625 -0.838819465667227 -0.858948834789421 -0.879517686711317 -0.90052150066425 -0.921792397711311 -0.942902358837096 -0.962791731156489 -0.977549162516819 -0.98520598726389 -0.993142732572411 -1.00077273723934 -1.00736794100369 -1.01281256461103 -1.01703260945468 -1.01987471853819 -1.0203981176559 -1.01620182827976 -1.00729245029703 -0.996549872623623 -0.98880325253429 -0.986033232161325 -0.985595927059132 -0.988754197229801 -0.991839206013222 -0.992769545935344 -0.992727576402647 -0.991907418507579 -0.992315601511182 -1.00108820668505 -1.01311342588333 -1.02313051020593 -1.02197188177904 -1.01860601889117 -1.02068333629315 -0.996163613699603 -0.967025106080767
-0.693251042957798 -0.719236357798014 -0.743888382085065 -0.767145708042586 -0.789290080270934 -0.810749479972201 -0.831933218991823 -0.853165489917546 -0.874674573605732 -0.89658971104211 -0.918925949512359 -0.941548586470565 -0.964093791331911 -0.98572785071412 -1.00101935407649 -1.00397983744922 -1.01289550189255 -1.01915638840464 -1.02403539139812 -1.02773583521383 -1.03026110259748 -1.03138942825994 -1.03037120358903 -1.02593755612373 -1.01685288129112 -1.00230904809297 -0.987509643589826 -0.985398336341708 -0.988629994277653 -0.99281141698002 -0.995243029925264 -0.995579911764639 -0.993970435038039 -0.991366169904458 -0.990720038859509 -0.998268123772266 -1.01000198137995 -1.01873772236753 -1.0185564338871 -1.01370021437178 -1.00589095279326 -0.982802139570839 -0.957975028345038
