phylospatial_scripts/05_spatial_correlation_analysis/spatial_corr_example_data/predictor_layers/KrigeSoil_fernRcropNEW_masked_final.asc
NCOLS 342 
NROWS 262 
XLLCORNER -78.548699433 
YLLCORNER -17.550894209 
CELLSIZE 0.1 
NODATA_value -9999 
[rows 95 to 113 of 262, columns 172 to 214 of 342]
-0.489683693191568 -0.493681977164158 -0.499216691877822 -0.506352733155025 -0.515228328336534 -0.525745109611401 -0.537371845352368 -0.549211408922307 -0.560263675603966 -0.569653094914027 -0.576721609112955 -0.581040159741942 -0.582407935175546 -0.580865919591561 -0.576713841791046 -0.570498708049719 -0.562944108367072 -0.554828338851653 -0.546871988775389 -0.539683458195101 -0.533744351821808 -0.52939885511614 -0.526844763010047 -0.526142163470912 -0.527245308969314 -0.530046793239094 -0.534416411422741 -0.540221693637699 -0.547328392566172 -0.555591044978347 -0.56484860352446 -0.574933230285204 -0.585687511325583 -0.596978472194974 -0.608699294304562 -0.620755602003821 -0.633037222454996 -0.645375227368084 -0.657469888830889 -0.66873788259127 -0.67808020465986 -0.684134998245054 -0.685504521913841
-0.492829847862647 -0.495496436748967 -0.499695257572397 -0.505863262461895 -0.51449714277558 -0.525725231379077 -0.538870689192123 -0.552591998661742 -0.565476378659161 -0.5763959974937 -0.584539756749656 -0.589357318418621 -0.590543200454951 -0.58807763493076 -0.58229200832555 -0.57389821776754 -0.563896496504694 -0.55334338643236 -0.543145604019503 -0.534023579886239 -0.526543351124585 -0.521102831004111 -0.517898834528565 -0.516932556828824 -0.518065835796016 -0.521100916027556 -0.525846529245598 -0.532145190867928 -0.539858443597871 -0.548831721530628 -0.558874386280779 -0.569774169262498 -0.581331895044799 -0.593389290319786 -0.605834736784906 -0.618585948102991 -0.631555682497986 -0.644610966956117 -0.657527860399187 -0.66986517147617 -0.680184183294758 -0.685754548414113 -0.68630338017689
-0.498229297504567 -0.499496719562632 -0.502034373233226 -0.506784073504368 -0.514878650550633 -0.527102695319092 -0.542519292960646 -0.558808661283848 -0.573954915050208 -0.586646043152784 -0.596000759299088 -0.601367946213792 -0.602299197097663 -0.598646482509561 -0.590718744022779 -0.579430320988628 -0.56624017750527 -0.552651634850026 -0.539748650943955 -0.528317147960257 -0.519029332009225 -0.512373876121554 -0.508542077000918 -0.507424160233769 -0.508718183863393 -0.512078757251215 -0.517231104661666 -0.524008048314821 -0.532301375753048 -0.541966831958227 -0.552769335729257 -0.564418315332622 -0.57664522826561 -0.589254914658028 -0.602132203715212 -0.615212585940232 -0.628425260248493 -0.641628686401989 -0.654577331185492 -0.666923387508302 -0.677648095206636 -0.681441757571955 -0.678368218561773
-0.506680425292347 -0.506420521769597 -0.506911630521123 -0.509685713325016 -0.516459574645064 -0.530102328578795 -0.549122050574719 -0.56869577105206 -0.586333145345103 -0.600877921675719 -0.611533475229585 -0.61755267640408 -0.618254236538236 -0.613232064287228 -0.602617705564372 -0.58746533020196 -0.570073144174792 -0.552829023621669 -0.536757701586024 -0.522558526679329 -0.511125672336944 -0.503149075668348 -0.498810958543364 -0.497788286549485 -0.499485865866194 -0.503316366416755 -0.508891518995834 -0.516076734538158 -0.524882547985952 -0.535227598765685 -0.546795862233961 -0.559147998177083 -0.571905113964724 -0.584827179147311 -0.597805126082713 -0.610813180772629 -0.623809980147368 -0.636588789420785 -0.648669684484959 -0.659211149658693 -0.666585979713429 -0.667091853041016 -0.657513992648489
-0.519393939181328 -0.517588947403475 -0.5156675670139 -0.5167882614005 -0.520504718377994 -0.536302479819943 -0.560857461651019 -0.583539424489641 -0.603244801260228 -0.619390738459244 -0.631353325299737 -0.638216677179971 -0.638887049815202 -0.632534385700285 -0.61888424186356 -0.598603858691238 -0.575374098787613 -0.554192281217438 -0.534476309381316 -0.516804354087723 -0.502719527335442 -0.493337386569976 -0.488798626581657 -0.488348415957727 -0.49086657520934 -0.495381804653043 -0.501349685169544 -0.50874268944812 -0.517899029422362 -0.528941640090469 -0.541353391500448 -0.554391250091931 -0.567527603008176 -0.580492055078274 -0.593200250692377 -0.605707627162773 -0.618094539468035 -0.630117858739527 -0.640968909857785 -0.649317195428692 -0.653109048592265 -0.649429547639787 -0.635927790409961
-0.537854973940469 -0.535383537172016 -0.530001449704651 -0.533293896878468 -0.539780848705935 -0.556515350862452 -0.581159213613704 -0.6043837929028 -0.624885232811573 -0.642074285310026 -0.655271662476928 -0.663288440346502 -0.664340817341624 -0.656923559889848 -0.640667266183628 -0.614776725941511 -0.582776867165217 -0.5582750672233 -0.533593987172129 -0.511151785296002 -0.493593048230903 -0.482790209079623 -0.478715898176246 -0.479693472526415 -0.483689532459483 -0.489195526071017 -0.495460624474769 -0.502593806704845 -0.511706539961176 -0.523598192744748 -0.537063635059243 -0.550756183943368 -0.564067295426026 -0.576768795417913 -0.58880619387003 -0.600316149369673 -0.611753568067614 -0.623053240051677 -0.632934162076903 -0.639848028126925 -0.641827111367714 -0.636395370971728 -0.621458433131806
-0.562938624101613 -0.562498054919193 -0.560312675245712 -0.562622589839152 -0.573000791784924 -0.588858345104639 -0.609306092321993 -0.63055495427373 -0.650462239326169 -0.668013534467351 -0.682354072671771 -0.692078623354764 -0.694184552941805 -0.685328262779077 -0.667109138276873 -0.636908109463201 -0.600513223520436 -0.566734871217256 -0.534749414846324 -0.505678516501841 -0.483328809615833 -0.471301229604621 -0.469087016597295 -0.472894982013579 -0.479243803924785 -0.486126209495108 -0.492647660752817 -0.4987604101161 -0.506689966819703 -0.520200894563447 -0.534939495721006 -0.549020730842859 -0.562154841208041 -0.574264409175754 -0.585305973573875 -0.595275378625951 -0.605239550676249 -0.616255330030945 -0.625519557520917 -0.631921892656804 -0.633965366183746 -0.629297678945513 -0.615905807713426
-0.593652478280929 -0.596374400331165 -0.596925324533901 -0.600514165897909 -0.609651751738567 -0.623660214531667 -0.641051420049951 -0.659804478026993 -0.678255839350566 -0.695365132132472 -0.710383149449499 -0.722298184010742 -0.727597109587772 -0.714808842922649 -0.689659466443818 -0.655992873823384 -0.617155609837032 -0.577720456727526 -0.538539164441263 -0.50099791821499 -0.471314168135711 -0.458820145641034 -0.461391697523193 -0.46990075070961 -0.479317812307211 -0.487827604314077 -0.49489805739429 -0.500503205330802 -0.50642489648099 -0.521540623369813 -0.536330739732339 -0.549928674374333 -0.562319055702445 -0.573498734760348 -0.583463648186819 -0.592280676492227 -0.601032702605525 -0.610639727013397 -0.618883594421424 -0.625046367380143 -0.628419043802019 -0.626632290831047 -0.615503306946464
-0.627329251561524 -0.63232090224071 -0.633198427374079 -0.637413551742982 -0.645961305728476 -0.658360345978144 -0.673449673349713 -0.689855261931313 -0.706360097074078 -0.722080288767174 -0.736368759851754 -0.748431234287168 -0.755009629907089 -0.739593116597617 -0.709699345778657 -0.673345463584321 -0.633260445583062 -0.591241816246665 -0.547457311699273 -0.501010326022083 -0.457174386712308 -0.447195638373255 -0.459911197126286 -0.473934685439398 -0.485941966878688 -0.495603302238223 -0.503323226146476 -0.510044154903616 -0.518017286419786 -0.529289200936269 -0.541765817034212 -0.553754833837811 -0.564762416573583 -0.574645996453846 -0.583410499597274 -0.591264518821685 -0.598734921259491 -0.605991244944208 -0.612400936068201 -0.617510152851233 -0.621231642452424 -0.623141550056702 -0.612760304209565
-0.654612899384954 -0.66158404423019 -0.665046892006384 -0.670914439234773 -0.679844777555429 -0.691439655078275 -0.704863620892402 -0.71914445807517 -0.733366541197571 -0.746748114397552 -0.758562866303398 -0.767687648715723 -0.771396755467578 -0.758292275034673 -0.726310330524854 -0.689322980409722 -0.649619571462174 -0.608171485573288 -0.565280141925908 -0.518146445661398 -0.459863102108936 -0.45536067520003 -0.473319334943555 -0.488573515370011 -0.50057357290065 -0.509768084743996 -0.517144084125978 -0.523912872674921 -0.531428238293623 -0.540425824131293 -0.550315530247245 -0.560143309943565 -0.569311837086332 -0.57753663249593 -0.58474133524201 -0.591027467179599 -0.596591883778834 -0.601468936694344 -0.605416376878578 -0.608110377615864 -0.609084558665337 -0.606722670103121 -0.597941369262601
-0.673743160230483 -0.683362865124713 -0.691548650216562 -0.700363484033775 -0.710633168513922 -0.722191332242188 -0.734484701136862 -0.74685895775157 -0.758622807716822 -0.769023588878608 -0.777206556778468 -0.782199028396947 -0.782216771189343 -0.767118550832666 -0.737652889812484 -0.702747789272292 -0.665503013941643 -0.626862702579987 -0.589172847694316 -0.553045216146904 -0.513642829653272 -0.498307907273844 -0.504034666612803 -0.514302119823602 -0.5229404644675 -0.529469725772136 -0.534961743164293 -0.540371205556684 -0.546401470146375 -0.553328861208369 -0.560871995651271 -0.568466419225872 -0.575592972451092 -0.581893598488415 -0.587184273578121 -0.591437574190915 -0.594700195160195 -0.596949933392369 -0.598004389433739 -0.597504489722581 -0.594808793657162 -0.588798667555279 -0.578393486814983
-0.688511252599064 -0.7018690009077 -0.714159567289731 -0.726248156470221 -0.738453689793824 -0.75052309240124 -0.762057767948521 -0.772728930825299 -0.782087757338874 -0.78937994404665 -0.793496392990664 -0.793012795418944 -0.787125310890474 -0.772559998068426 -0.744760375433415 -0.712334041458083 -0.678763512046438 -0.643525773118303 -0.6102208164929 -0.579851173849949 -0.55429944629415 -0.541419001034053 -0.541903408814648 -0.547461847848034 -0.550623786313185 -0.552706081709539 -0.55520267379239 -0.558422715267322 -0.56247861842893 -0.567324738750287 -0.57269143751905 -0.57814677250025 -0.583216768856723 -0.587476568227189 -0.590629111370745 -0.592557921256343 -0.59326513721984 -0.592720201992167 -0.590747577996368 -0.586983573802066 -0.580863517659907 -0.571722215995927 -0.55925259355516
-0.700773775715642 -0.717800502068847 -0.733844142408935 -0.749224591370367 -0.763746739825746 -0.77667096981735 -0.787575964717936 -0.796693955821366 -0.803952756918404 -0.808620466887938 -0.80942600444155 -0.80461133163735 -0.794004963301348 -0.777653572123122 -0.749645821525421 -0.71666032676472 -0.684191909792003 -0.65410498943667 -0.627176043130325 -0.604095466509199 -0.586597421477088 -0.57753828863389 -0.577761842020998 -0.583853250313922 -0.578916963142966 -0.576577172171001 -0.576144130080345 -0.577076005154327 -0.579074656156165 -0.581895259127448 -0.585236446884066 -0.588710268712071 -0.591845843948618 -0.594107962946926 -0.595031630393614 -0.594458500596515 -0.592476632010144 -0.589123037711757 -0.584247619185945 -0.577517984854276 -0.568470386812142 -0.556642202878078 -0.541898234148309
-0.71129644623736 -0.73152043127309 -0.750942566538494 -0.769555744760764 -0.786860818684344 -0.800931405336728 -0.810865877356561 -0.818506674590745 -0.824198837010482 -0.827143631940463 -0.826077979615239 -0.819962776548618 -0.808332395164475 -0.787621099105509 -0.754305723207284 -0.716937605210872 -0.685479194767864 -0.661131403670197 -0.641402945850572 -0.625232745624894 -0.613271702110803 -0.606668012571419 -0.60536263441337 -0.605658378128877 -0.602288651589604 -0.59866822429721 -0.596432153212659 -0.595504373706866 -0.595637023223061 -0.596577181328497 -0.598048156082003 -0.599719564739582 -0.601150999815425 -0.601651260229238 -0.600352504128255 -0.59711774410648 -0.592402597355033 -0.586374336141146 -0.578899147748497 -0.56968218830707 -0.558349428004126 -0.5445350416089 -0.528004714786201
-0.720019571874592 -0.743033119296266 -0.765374891506325 -0.786793184132531 -0.807020612033925 -0.822882065195239 -0.830882772772387 -0.837459253334093 -0.842352765005224 -0.844587777198913 -0.842498721114582 -0.835311587656367 -0.823630513230712 -0.803141179253762 -0.759237311440306 -0.711433471501747 -0.682720406464601 -0.666721187787277 -0.654634512376761 -0.644380883260847 -0.636328507193859 -0.631041281525176 -0.628147410530649 -0.625846288913513 -0.622528245723875 -0.618776950668154 -0.615575187087883 -0.613248487090842 -0.611770826046205 -0.610992189249495 -0.610710704664258 -0.61068968506945 -0.610633801002464 -0.609920590050366 -0.606430791556011 -0.600250343185361 -0.592907998244489 -0.584502307594648 -0.574849103102008 -0.563699258582069 -0.55079817174761 -0.53595885347928 -0.519208435085623
-0.726720170678361 -0.752209246097416 -0.777028229854507 -0.800402197841146 -0.821128907986396 -0.836662668685 -0.846147362813458 -0.85268745030744 -0.857497868490446 -0.860175882296351 -0.857429143858886 -0.847645252324204 -0.834762659478737 -0.815409134802734 -0.763276966916348 -0.69772656443222 -0.6805989954457 -0.675437983465339 -0.669600479096114 -0.663426808762576 -0.657807048822562 -0.653230275474236 -0.649511232532499 -0.645932597822223 -0.641946344195932 -0.637707297584572 -0.633683590293252 -0.630177893669684 -0.62726639318923 -0.624884545548007 -0.622893747684715 -0.621117040737748 -0.619355293470706 -0.617332428705954 -0.611767046216462 -0.603123853354115 -0.593707024448305 -0.583400959781569 -0.572043783791042 -0.559484379228882 -0.545624015054582 -0.530502742194838 -0.51448992219655
-0.731165259461963 -0.758922519750013 -0.786088347846312 -0.811290875715408 -0.832388760355893 -0.847711561858437 -0.85762065221913 -0.863850451793018 -0.868203871292901 -0.871619853314681 -0.868840930965415 -0.85423465336337 -0.836162124792428 -0.811423245101982 -0.768900512052403 -0.718992365617793 -0.698726752395485 -0.693217279888648 -0.688569042372754 -0.683727707395543 -0.679057362190953 -0.674681395404253 -0.670375744924955 -0.665836825464226 -0.660955754297101 -0.655899571815665 -0.650948309688953 -0.646307673191044 -0.642050584719645 -0.638137948784196 -0.634448613862068 -0.630789584957716 -0.626850661125141 -0.621956863432862 -0.614808647073055 -0.605387955679033 -0.594665976705876 -0.582964240195717 -0.570326306930482 -0.556756226917015 -0.54230989765718 -0.52718279715099 -0.511831150501604
-0.733106204321778 -0.762907050210931 -0.792572362477028 -0.820537331140607 -0.842904025823571 -0.857519826261328 -0.866556942457765 -0.871445834296748 -0.873499813482227 -0.875631934768394 -0.870602907113841 -0.855975635793219 -0.835179869910773 -0.812354472719909 -0.783062853181933 -0.751322405767198 -0.729500994212112 -0.717923703557642 -0.71074203009648 -0.705052239450998 -0.70033697522146 -0.69586465343483 -0.690968438084717 -0.685443333708697 -0.679489939440645 -0.673414566578688 -0.667436667006573 -0.661664148744921 -0.656120070315913 -0.650750921299277 -0.645425130961425 -0.639921959300919 -0.633892703052249 -0.626806838015263 -0.618106615088726 -0.60770773583872 -0.595957389019126 -0.583167573291923 -0.56952751984432 -0.555183259262524 -0.540307819935854 -0.525164636172675 -0.510162695389552
-0.732326624149099 -0.763624101929794 -0.795370198000927 -0.827517908949699 -0.852809304937921 -0.865109181395176 -0.873123773242759 -0.876911664086965 -0.877343868033414 -0.876408925594353 -0.869858410849541 -0.856935452245098 -0.839216120395264 -0.821404256869832 -0.800881677669842 -0.777697183174056 -0.756256181761064 -0.741711378581504 -0.732370861156102 -0.725552389236365 -0.720961863820059 -0.716672826988383 -0.71120260401804 -0.704497381451714 -0.69728182254798 -0.690105965270411 -0.68310105258904 -0.67624008866628 -0.669488614711118 -0.662773864019036 -0.655954011409485 -0.648805867623284 -0.641019179191031 -0.63222285678794 -0.622105049430609 -0.610582228346059 -0.597807037329619 -0.58402926606335 -0.569505250935553 -0.554480051608191 -0.539199390805664 -0.52393974782702 -0.509037978107876
