phylospatial_scripts/05_spatial_correlation_analysis/spatial_corr_example_data/predictor_layers/KrigeSoil_fernRcropNEW_masked_final.asc
NCOLS 342 
NROWS 262 
XLLCORNER -78.548699433 
YLLCORNER -17.550894209 
CELLSIZE 0.1 
NODATA_value -9999 
[rows 76 to 94 of 262, columns 215 to 257 of 342]
-0.530005617406732 -0.511667807099807 -0.493510828390974 -0.475768229988539 -0.458635938163875 -0.442321313894013 -0.426566836559132 -0.410960609923603 -0.395367027384719 -0.379862705207207 -0.364663683945641 -0.350047592742243 -0.3360181372185 -0.323763254798344 -0.314505903870107 -0.308477136799409 -0.304960345783592 -0.303164085575535 -0.30257070224115 -0.302834711215052 -0.303671579627978 -0.304799497590467 -0.305917935145284 -0.306712876829536 -0.30691998137365 -0.306748631106742 -0.309245537339712 -0.315371873836856 -0.321710326320751 -0.328153618623926 -0.335005645069845 -0.342064266718763 -0.348851125161416 -0.354894268410577 -0.3597724621831 -0.363074487083503 -0.364365715256838 -0.363133192979137 -0.358816235240387 -0.350964062235465 -0.339462484502639 -0.324609913933848 -0.307001787588048
-0.531878644555016 -0.515126291491192 -0.498006879367579 -0.480721087830315 -0.463658150485707 -0.448079720147635 -0.433265653406493 -0.418393682161679 -0.403440979585817 -0.388561054327907 -0.373984042408764 -0.359969807743604 -0.346856335307289 -0.335298439767116 -0.325952864290427 -0.319022059262937 -0.314243900158494 -0.31117971659342 -0.309432713472129 -0.308686741944978 -0.30867312248908 -0.309132725725141 -0.309785759508886 -0.310303214972552 -0.310278160780901 -0.309279709547306 -0.311293414372393 -0.318225583603706 -0.324270039062813 -0.330935976543286 -0.339214298537024 -0.348471676706126 -0.35782354977852 -0.366672893225373 -0.374558509669972 -0.381015976073444 -0.385499572408102 -0.387447339023717 -0.385910178035216 -0.379929672358848 -0.369350117189829 -0.354791321126541 -0.337234945062579
-0.533824107127423 -0.518768250180532 -0.502981853264105 -0.486596988369619 -0.469793079055823 -0.455176007757351 -0.441129047215839 -0.426803586408584 -0.412335520381226 -0.397923205166757 -0.383807624122244 -0.370269064241483 -0.357656087250367 -0.34640304060713 -0.336900193628821 -0.329319251119028 -0.323583508160104 -0.319470778521839 -0.316726405052396 -0.315116810161661 -0.314436019789389 -0.314494603436478 -0.315106512455685 -0.316081264363212 -0.31725485822828 -0.318774973452037 -0.321756051629817 -0.325668291892462 -0.328945840724434 -0.33438125865408 -0.344313065535531 -0.355887853994077 -0.36775042347075 -0.379337645681569 -0.390224320108263 -0.39996719431274 -0.407990005561198 -0.413616170657359 -0.415333853672049 -0.411334510626224 -0.401294296026712 -0.386539856124196 -0.368709860720743
-0.536354590805133 -0.523087466543837 -0.508878076367131 -0.493948242365903 -0.478821212868562 -0.464330918655765 -0.450264831424691 -0.436139208968331 -0.421931017669172 -0.407797384790928 -0.393963425992483 -0.38069562876935 -0.368297019569293 -0.357086898662456 -0.347336482592348 -0.339196144309185 -0.332675480838138 -0.32768242617131 -0.324080840003006 -0.321732254147893 -0.32051618584741 -0.320339403720279 -0.321146208316074 -0.322939778958674 -0.325814521588009 -0.329887278506703 -0.334480894617882 -0.336816626464093 -0.336201728185936 -0.338660476285139 -0.350898861046711 -0.364376729306162 -0.378421695599863 -0.392503807020055 -0.406221634163896 -0.419215134998446 -0.431051729645148 -0.440939463891539 -0.446848927679606 -0.445066321885185 -0.4346156824968 -0.418899936782289 -0.400519726673034
-0.539848647340963 -0.528389864369704 -0.515793966920434 -0.502310796812527 -0.488346949803916 -0.474305746162378 -0.460279013435847 -0.446187164268588 -0.432052534948948 -0.418013788451413 -0.404275088924797 -0.391075974057449 -0.378673804551968 -0.367321273610951 -0.357231555962067 -0.348544886003568 -0.341317957623444 -0.3355408171814 -0.331167590012885 -0.328145595306197 -0.326437188288956 -0.326037885885533 -0.326998518141875 -0.329458534102221 -0.333682858165702 -0.340013169845161 -0.3481335768933 -0.3506430492712 -0.346410289941461 -0.348744309282518 -0.359335190374969 -0.37373199280989 -0.389498820185209 -0.405698871788438 -0.42186561688569 -0.437697481856858 -0.452934042589038 -0.467190272067007 -0.479171944019238 -0.480570108523504 -0.467336966160404 -0.450185060845453 -0.431472014678703
-0.544649684923142 -0.534886940796147 -0.52375304124409 -0.511475819920672 -0.498372159934796 -0.484752764408374 -0.47082112410418 -0.45669589576621 -0.442499559066941 -0.428395467941089 -0.414581159444766 -0.401273369548181 -0.388694007515026 -0.377054227458609 -0.366535625166768 -0.357274431850813 -0.349356789418207 -0.342827451171304 -0.337707025980334 -0.334010912509117 -0.331766207964502 -0.331026976958948 -0.331890104121045 -0.334511423199084 -0.339110546296338 -0.345919299489367 -0.35475580163503 -0.357038210332593 -0.351277416087093 -0.355217495537133 -0.367496097557612 -0.383254146921719 -0.400531761655859 -0.418449482448293 -0.436529566235486 -0.454455814587437 -0.471969040155216 -0.488774458106646 -0.504152270707545 -0.508700594603476 -0.494797753173813 -0.478307578906132 -0.460452988228728
-0.551056385951806 -0.542750419777357 -0.532831114046517 -0.521482716446212 -0.508980588635728 -0.49563209342077 -0.481715700596591 -0.467463641876301 -0.45308198282914 -0.438771024267716 -0.424732137290287 -0.411166215634692 -0.398268628313144 -0.386221973937631 -0.375187824568541 -0.365300434989384 -0.35666572974371 -0.349366563345948 -0.343472237531077 -0.339048952770271 -0.336168492306505 -0.334913211911242 -0.335373776044152 -0.337627999465092 -0.341663109195278 -0.347113238922901 -0.35239207259512 -0.353686440338412 -0.350514801961348 -0.3596530804685 -0.375242562137668 -0.392597131046058 -0.411170018992243 -0.43040691606681 -0.449847016631411 -0.469071634058754 -0.487586656903561 -0.504541147707202 -0.517825482563129 -0.522259340703575 -0.51525394673629 -0.50261685322985 -0.487076754958939
-0.559216026251068 -0.552084316861525 -0.543105230786422 -0.532395925060739 -0.520217020233441 -0.506914244718974 -0.492843691493839 -0.478323510405591 -0.463623671278759 -0.448975746260338 -0.434585015101678 -0.420638522727811 -0.407308955230007 -0.394755615445789 -0.383124022583766 -0.372545852966391 -0.363140586832492 -0.355019072290698 -0.348287882459799 -0.343052578724845 -0.339417750399157 -0.337480961868083 -0.337314802287139 -0.338923637824916 -0.342146505393431 -0.346464956295816 -0.350796931435748 -0.354087689554191 -0.358016668095098 -0.368042407679493 -0.383622498728634 -0.40171461189793 -0.421182202406067 -0.441376808397541 -0.461753181555067 -0.48175117602764 -0.500648828878298 -0.517296890909772 -0.529733388893934 -0.535318664238087 -0.533010409079604 -0.524546610736873 -0.511863863737088
-0.569068950614998 -0.562893999442373 -0.55460727974246 -0.544238877189069 -0.532064537640171 -0.518520190120064 -0.504066675602809 -0.489102879304208 -0.473945649561475 -0.458843587574848 -0.443997251562491 -0.429575443213856 -0.41572649063802 -0.402586045869398 -0.39028292038267 -0.378943883940217 -0.368697658771299 -0.35967766711058 -0.352022616094517 -0.34587383356562 -0.34136814014508 -0.338624356270099 -0.337719797812283 -0.338650953885556 -0.341275351142393 -0.345261386491905 -0.350180868694137 -0.356020473384399 -0.363967346722034 -0.375809526278794 -0.391634327087076 -0.410168003091841 -0.430301285241586 -0.451245697860619 -0.472346206540169 -0.492943569079405 -0.512240752837523 -0.529144540131783 -0.542168209607147 -0.54970096265323 -0.550822621216199 -0.5457983914494 -0.535685491664498
-0.580405694404409 -0.575090910826818 -0.567314429570813 -0.55697271052275 -0.544418234173643 -0.53028256382388 -0.515181643935541 -0.499589932890919 -0.483847183465803 -0.468197321508816 -0.452821505653144 -0.437861122826315 -0.423434135470794 -0.409648021506221 -0.396610906162845 -0.384440947371497 -0.373273028386405 -0.363261454518523 -0.354577615346181 -0.347402267724278 -0.341912757840964 -0.338265621530713 -0.336574761824285 -0.336886624137887 -0.339161161036912 -0.343288261773898 -0.349198419090995 -0.357091157667364 -0.367568051933585 -0.381243267217589 -0.398072635040484 -0.417357489607948 -0.438233699713291 -0.459920994915136 -0.481725401512182 -0.502970423491163 -0.52291685510438 -0.540686325929438 -0.555212995315224 -0.565263767601758 -0.569583353334347 -0.567398192801767 -0.559202428328497
-0.592889991277275 -0.588488154449055 -0.581157796209221 -0.57047196940142 -0.557028678755976 -0.54189442454452 -0.52588623580626 -0.509512929590586 -0.493094574022508 -0.476842807357022 -0.460902934121744 -0.445378258144241 -0.430347995029227 -0.41588381332938 -0.402066231571868 -0.388999493150225 -0.376822183902313 -0.365710868759113 -0.355875186540413 -0.34754486358965 -0.340951190013945 -0.33630650099839 -0.33378520402241 -0.333510711212809 -0.335556247317635 -0.339972450524687 -0.346849019162849 -0.356377343227881 -0.368813829283768 -0.384273259578642 -0.40250743814859 -0.422920335857458 -0.444770170708602 -0.467329144922327 -0.489927138807921 -0.51193243506651 -0.532726913884108 -0.551700262336458 -0.56822134474076 -0.581408277821535 -0.589466853523388 -0.589793218299341 -0.582564828599297
-0.605939861578407 -0.60268127855959 -0.596030394678546 -0.584418537661849 -0.569358127240438 -0.552841971803059 -0.53576176148675 -0.518539936530069 -0.501423625063939 -0.484570576934285 -0.468079869077477 -0.452008888015843 -0.436389280111966 -0.421246482729036 -0.406622913036707 -0.392601000315882 -0.379320327289307 -0.366983790986393 -0.355849904844827 -0.346212416029715 -0.338373245666512 -0.332616598404531 -0.329190386176365 -0.328299145045372 -0.330112087013033 -0.334787111987239 -0.342497101579253 -0.353415915791893 -0.367617385544545 -0.384926648012827 -0.404863473375806 -0.426741724349265 -0.449826559080465 -0.473433558118572 -0.496946735042799 -0.519799292193801 -0.541476418077183 -0.561589830457812 -0.579996918260979 -0.596630979651494 -0.610108031163521 -0.612717489948759 -0.604959768438854
-0.618536365026098 -0.616435317532166 -0.611759136601746 -0.597654327059915 -0.580312705962286 -0.562394604550413 -0.544313617529734 -0.526311836533907 -0.508558608425293 -0.491164489540572 -0.474186560024949 -0.457634844518059 -0.441485104727597 -0.425702284230179 -0.410274438633598 -0.395249499282008 -0.380763643077897 -0.36705288679942 -0.35444195390834 -0.343311069844683 -0.334053570140432 -0.327040072872153 -0.322597494078437 -0.321004347473608 -0.322501908567354 -0.327319737893652 -0.33570106683437 -0.347869538714597 -0.363848514695873 -0.383228005247612 -0.405203305164787 -0.428866307550507 -0.453422903547929 -0.478237330923136 -0.50277768395316 -0.526543158723648 -0.549036417238925 -0.569864991899938 -0.589133703399328 -0.607785417730251 -0.625532021634897 -0.630831176300437 -0.624242889764965
-0.629539692636139 -0.626786449661727 -0.620882496545902 -0.606441417582375 -0.588488547727101 -0.569860323024705 -0.551106086001397 -0.532507033690413 -0.514241457545302 -0.49641234962683 -0.479053976001411 -0.462134555069387 -0.44556579687745 -0.429230987308059 -0.413036947355198 -0.396975776197203 -0.381171488758058 -0.365902900848348 -0.351589817909535 -0.338734202481515 -0.327848310120363 -0.319403489898643 -0.31380716391031 -0.311400810683915 -0.312472174982368 -0.317284760165851 -0.32613950039501 -0.339428258464676 -0.357355442008328 -0.379246337973472 -0.403705431958664 -0.429456427344248 -0.455646091930579 -0.481752741896885 -0.50739998486782 -0.532189091187589 -0.555588208746599 -0.576880764898888 -0.5954833066778 -0.613634626835775 -0.631932180970817 -0.641216664976507 -0.640021009652019
-0.63891831879496 -0.633975571030918 -0.625025067671192 -0.611098083002152 -0.593759811618182 -0.575025640115034 -0.555908914139526 -0.536897751277758 -0.518253278962722 -0.500109749077683 -0.482502843949304 -0.465370948543474 -0.448554544725957 -0.431822216695343 -0.414951198669272 -0.397842501637801 -0.38058968324074 -0.36352501271227 -0.347217030911812 -0.332348712413461 -0.319587192173306 -0.309516564227769 -0.302622576275948 -0.299300735782854 -0.299867836060545 -0.304574820570606 -0.313678146517221 -0.327787737502115 -0.348002793498872 -0.373233423189965 -0.400732528972221 -0.428783561461942 -0.456598803320818 -0.483927578133304 -0.510681047736365 -0.536658613500589 -0.561417768295859 -0.584140590099361 -0.603088392079659 -0.619246040915803 -0.640986844897537 -0.652765264427617 -0.654753187725383
-0.647596812192633 -0.640500298411516 -0.629399078839508 -0.614564985019836 -0.597037596051078 -0.578099266290673 -0.558683904875871 -0.539348479229811 -0.520412790428835 -0.502051470604243 -0.484324186514374 -0.467162979787796 -0.450340930313578 -0.433465740608497 -0.41608395342313 -0.397952458268385 -0.379097615607663 -0.359900768516032 -0.341203226759036 -0.323969651475758 -0.309058932105335 -0.297166481875409 -0.288844498350883 -0.284538611530002 -0.284610014182461 -0.289315971052997 -0.29873697357542 -0.312932778281764 -0.336068349515744 -0.365967073646888 -0.396892829788262 -0.427186871764471 -0.456306264944218 -0.484532447513836 -0.512237136292371 -0.539482021989806 -0.566033806732908 -0.591593568798943 -0.616449789581607 -0.639242697271096 -0.65339054701476 -0.665460803290921 -0.668696572369012
-0.656280866413526 -0.64700008935888 -0.633617741707859 -0.617179407056828 -0.598742269332814 -0.579255597818336 -0.559437478489582 -0.539768034768324 -0.520559445576691 -0.502016192223018 -0.48424853422336 -0.467231363352255 -0.450715389343981 -0.434125697578048 -0.416565734116822 -0.397498073591573 -0.376823917438859 -0.354948387589661 -0.333320907182539 -0.313319022521459 -0.295994619762367 -0.282115870762727 -0.272267549787508 -0.266935827721823 -0.266572586784439 -0.271616048742998 -0.28238980079261 -0.299198480740618 -0.325401199899267 -0.358649423838757 -0.392797501576529 -0.424911689526629 -0.454523942389386 -0.483016013841344 -0.511372643446874 -0.539787387445453 -0.568007455921098 -0.595665724655515 -0.62247424677073 -0.645283708663471 -0.660383618371298 -0.67192905174545 -0.676880393096639
-0.665250488957943 -0.653207507950153 -0.636991065506728 -0.6184587221096 -0.598708609757652 -0.578442809012287 -0.558126039732063 -0.538078877971126 -0.518550267544884 -0.499763929096931 -0.481918426899565 -0.465117876555962 -0.449215886581507 -0.433569144940392 -0.416786598370851 -0.397135086267775 -0.373849812384486 -0.348349591599177 -0.323115339353252 -0.299976556137394 -0.280064299951472 -0.264121643945077 -0.252707211384111 -0.246312302852221 -0.245476151298687 -0.250965847987151 -0.263827063575748 -0.284887334701418 -0.31438120866288 -0.350402075630626 -0.388419383534421 -0.421780784357975 -0.450298908588782 -0.478334779900626 -0.507146619522271 -0.536661509839113 -0.566308116040495 -0.595018550470495 -0.621295925431827 -0.643498543944229 -0.660739352246773 -0.673342499683153 -0.680593375284338
-0.674210913034598 -0.657902020969106 -0.638350042779524 -0.617562813230176 -0.596474824252122 -0.575462125897811 -0.554682367881804 -0.534245176117758 -0.514297524475236 -0.495073279983281 -0.476900564808552 -0.460123066121336 -0.444894438540859 -0.430813467303153 -0.41619769951207 -0.396831518787258 -0.369657527053452 -0.339153371506071 -0.30975138072091 -0.283368355555788 -0.260916476251548 -0.242987679021555 -0.230070226297599 -0.222619746495821 -0.22113722260772 -0.226512829938767 -0.240933919847024 -0.26551171718386 -0.298266089729417 -0.337526973277686 -0.381548619272327 -0.415304956285584 -0.441092365632495 -0.468979925937221 -0.498572505300881 -0.52935710552701 -0.560624845035453 -0.590764365303428 -0.616739207739753 -0.638830060516717 -0.657449382063713 -0.672198590835275 -0.682334197372091
