phylospatial_scripts/05_spatial_correlation_analysis/spatial_corr_example_data/predictor_layers/KrigeSoil_fernRcropNEW_masked_final.asc
NCOLS 342 
NROWS 262 
XLLCORNER -78.548699433 
YLLCORNER -17.550894209 
CELLSIZE 0.1 
NODATA_value -9999 
[rows 209 to 227 of 262, columns 129 to 171 of 342]
-0.265575305564766 -0.272397526594838 -0.277896837935555 -0.282103765083044 -0.285074870410466 -0.286905219517179 -0.287751582488817 -0.28788451160024 -0.287795437854346 -0.288123439925865 -0.288285857356243 -0.287334539006374 -0.285578060454254 -0.280809004656142 -0.272043158511522 -0.262932233592557 -0.25428866332333 -0.245283731783995 -0.234700399092381 -0.222195087840461 -0.207076866472196 -0.187251606030988 -0.160766990349189 -0.128471051655884 -0.0930454281163753 -0.0566337456534383 -0.0205871482004805 0.0140045205365505 0.045864687882682 0.0735456139770076 0.0963071680417481 0.114387601700887 0.127853968762107 0.136262923460135 0.139783254053519 0.139927670063108 0.138385387614902 0.135867442212623 0.132264350538859 0.127148235128461 0.119925411230657 0.109808500487632 0.0959152146381468
-0.244038664326532 -0.251317124968085 -0.257302212333091 -0.262019626792802 -0.265514139068092 -0.26785319648789 -0.269137326091602 -0.269535107612469 -0.269448837510158 -0.270610093628121 -0.273343805190715 -0.273186352229407 -0.273211166120793 -0.269719386295439 -0.259879315026917 -0.250826535717162 -0.242586324014434 -0.233419570995407 -0.222582126620149 -0.209510493673137 -0.193474003702796 -0.173434440452289 -0.14869687477822 -0.119685766530546 -0.0877274099913806 -0.0542525749236128 -0.0204384767532383 0.0126230466527959 0.0432974962278647 0.0685549165409965 0.0868229425171254 0.100064339661827 0.109377882048002 0.114911766181835 0.11719226677413 0.117773636586174 0.118274378295082 0.118705883482137 0.118362509649357 0.116738363213765 0.113298212238354 0.107119614198599 0.0968414674631748
-0.223237821813078 -0.230950380522604 -0.23739574561216 -0.242593991485941 -0.246577239058393 -0.249385581763104 -0.251060696448758 -0.251630142866827 -0.251055517760545 -0.249261537523029 -0.253369650501368 -0.256165728410717 -0.256220068769139 -0.252714748378518 -0.245292609670251 -0.237494853648596 -0.22981512938797 -0.220714198322933 -0.209768164684929 -0.196524227003098 -0.180455576731691 -0.161034385739593 -0.138010916779724 -0.111673227702299 -0.0827819003142721 -0.0522661529074528 -0.0209881657873871 0.010299506418464 0.0406902882014642 0.0647615450619444 0.0767304337569066 0.0853512218690059 0.0912425745940041 0.0942102541530727 0.0945366191108651 0.0942622079095807 0.0970186915788478 0.100681902566558 0.103520056233745 0.10534285030715 0.105994220067402 0.104692934727382 0.0990698858246266
-0.203326735195647 -0.211434321363772 -0.218304891810658 -0.223956951284429 -0.228418260056094 -0.2317221173209 -0.233905724529681 -0.235021801605248 -0.235242410406556 -0.235454819633628 -0.237443894311691 -0.239507230789758 -0.239446954285167 -0.236629923056349 -0.231287685208125 -0.224594460216648 -0.216984366378998 -0.207973717784123 -0.197133195659157 -0.184097995299377 -0.16852201380102 -0.150137286007519 -0.128880541614108 -0.104991517260604 -0.0789882385754204 -0.051541387854197 -0.0233543331671905 0.00485913778702396 0.0320507085279083 0.0529939642124355 0.062979159847848 0.0694229525960079 0.0733863621195178 0.0748009879705637 0.0736645936230609 0.0703157529523214 0.0767549032101813 0.082736636178634 0.0876963320263096 0.0920721797270816 0.0961919973779351 0.100076943207392 0.101489390692589
-0.184429978157847 -0.192877351842555 -0.200127412066175 -0.206201097378044 -0.211130036463292 -0.214957572238967 -0.217748554982275 -0.219624372366266 -0.220857937679507 -0.221981172580956 -0.223379737271583 -0.224424447902036 -0.224059684046093 -0.221723449411618 -0.217442781327197 -0.2115916954989 -0.204369799833047 -0.195636435490403 -0.185132912685172 -0.172606107999678 -0.157845524913767 -0.140730693571396 -0.121294858800171 -0.0997696229841608 -0.076580040191159 -0.0523031307852975 -0.027647895841045 -0.00355810308874818 0.0183585085919553 0.0353519869904252 0.0461199563428727 0.0525216147287887 0.0560119216871403 0.0572117273338489 0.0568073770082241 0.0568313890478643 0.0602713370254102 0.0653920920654917 0.0706167407958536 0.0758997928962675 0.0815253977393907 0.087611142623451 0.0920081017482914
-0.166637052303685 -0.175354689612039 -0.182926114142557 -0.189375524989766 -0.194740337533932 -0.199074439387488 -0.202458900477611 -0.205024144648663 -0.206974055158272 -0.208545316136695 -0.209799116340412 -0.210418193355761 -0.209885618554115 -0.207829641419876 -0.204152016406573 -0.198928574072176 -0.192213923004487 -0.183945193434383 -0.173983843580444 -0.162183334313523 -0.148436947811464 -0.132718857217659 -0.115123182296386 -0.0958907754252057 -0.0754158353260291 -0.0542424299596612 -0.0330810778528683 -0.0128808744281599 0.00507615605864273 0.0193964530119569 0.0294656791067448 0.0358226390122615 0.0393581463233841 0.0408797279783128 0.0413375450912647 0.0420927773082538 0.044273974526534 0.0477158903611724 0.0518103449204936 0.0563303547737207 0.0612370637541612 0.0661713472136095 0.0697040718139025
-0.149999236261783 -0.158908164622268 -0.166731662718339 -0.17349522006802 -0.179238937051118 -0.184019213021601 -0.187913594362221 -0.19102585998746 -0.193478378617406 -0.195366160501645 -0.196668838406184 -0.197198699729705 -0.196672882998943 -0.194850200908736 -0.191605795621585 -0.186906384394798 -0.180736678074088 -0.173050894347157 -0.163776198716692 -0.152843528722177 -0.14022187668542 -0.125949855539179 -0.110162929314732 -0.0931128331120256 -0.0751776552096814 -0.0568675060371104 -0.0388343603092837 -0.0218817059610312 -0.0069211823771213 0.00523090334368059 0.0141886528861494 0.0201249664591988 0.0235642579016951 0.0251824704316553 0.0257808162780021 0.0262367493856606 0.0272109175923671 0.028875443076072 0.0310934860619352 0.033696419512737 0.0364757589937037 0.0389767465095807 0.04031953735542
-0.134531831665322 -0.143550366606416 -0.151549832086185 -0.158554659751179 -0.164603827178762 -0.16974934445147 -0.17405524438026 -0.177593595526462 -0.18043072881273 -0.182597779111756 -0.184054330029911 -0.184675824745301 -0.184287790937333 -0.182725488612465 -0.179873931697444 -0.175667669469464 -0.170065751787075 -0.163030778671973 -0.154527611832646 -0.144538288299534 -0.133083644093945 -0.120245403287602 -0.106185414155429 -0.0911597703337688 -0.0755268825738937 -0.0597500778217497 -0.0443935685167647 -0.0301011017754519 -0.0175314877609671 -0.00723070348671048 0.000516340744311672 0.00574802351500991 0.008767817714771 0.0100515030638953 0.0101787852253102 0.00974849068017003 0.00924164611357398 0.00891675214844934 0.00882634494970302 0.0088749402099067 0.00881249609785359 0.00817957092701191 0.00626023621937952
-0.120222053441971 -0.129271789599152 -0.137369403125924 -0.144537715976713 -0.150812959734601 -0.156240256047575 -0.160868933513909 -0.164745553386603 -0.167902182083499 -0.170339893347849 -0.172013960583657 -0.172832544407181 -0.172675087029521 -0.171421439657442 -0.168974426376102 -0.165266096292134 -0.160251840825549 -0.153903662109577 -0.146210705245413 -0.137187988610611 -0.126890008013891 -0.1154254598764 -0.102970245565626 -0.0897767567077857 -0.0761780669493397 -0.0625856460766352 -0.049477452001858 -0.0373695234455341 -0.026762543480343 -0.0180647599200197 -0.0115165194924479 -0.00715454193350651 -0.00482848428758992 -0.00424617737524347 -0.00502464271157971 -0.00674756097365548 -0.00903070376552612 -0.0115788106120001 -0.0142293391615064 -0.0170040428276298 -0.0201538924506834 -0.024130946401741 -0.0294484331593888
-0.107040429577228 -0.116049183682069 -0.124168816225177 -0.13142266294489 -0.137845525780978 -0.143476953979935 -0.148354660552625 -0.152507251529029 -0.155945808073557 -0.158655350723844 -0.16058958303444 -0.161673289283968 -0.161813785482551 -0.160917235540971 -0.158902682941993 -0.155709283793105 -0.151297688400019 -0.145649990932955 -0.138772196515616 -0.130700449183477 -0.121509932184585 -0.111324421303162 -0.100324494718652 -0.0887527172953008 -0.0769143380427454 -0.0651718660667605 -0.0539311545638227 -0.0436159651982701 -0.0346295460070189 -0.0273078922227335 -0.021877959227008 -0.0184362137823011 -0.0169526931766387 -0.0172921260838563 -0.0192395414424872 -0.0225216569244565 -0.0268201485502716 -0.0317883963359031 -0.0371202436770273 -0.0427155749848478 -0.0488387265618251 -0.0560426655162756 -0.0648135361820335
-0.0949525323521594 -0.10385347686701 -0.111921215692908 -0.11918416226699 -0.125679544270856 -0.131445122633949 -0.136511532126131 -0.140895449586856 -0.144593999732759 -0.14758119851492 -0.149807716835226 -0.151205131993043 -0.151694483767796 -0.151196964739154 -0.149643632377244 -0.146982099878746 -0.143180367846108 -0.13822955845627 -0.132147380128803 -0.124983099835496 -0.116823612723308 -0.107799486442777 -0.0980896515970092 -0.0879234735641204 -0.0775790414580561 -0.0673765100914616 -0.0576652992486022 -0.0488043532815139 -0.0411362817361669 -0.034959303289143 -0.0305039081261562 -0.027920889801015 -0.027282497157833 -0.0285916713882309 -0.0317891104747803 -0.0367440502777545 -0.0432132200771149 -0.0507743161910344 -0.0588442605936188 -0.067025124598142 -0.0756337532974661 -0.0856127638217149 -0.0978142355161177
-0.0839283974022376 -0.0926561317932392 -0.100598078807445 -0.10779400408097 -0.114289326759229 -0.12012537944032 -0.125330579762434 -0.129913815975104 -0.133861106587893 -0.137135855293269 -0.139682351573745 -0.141431826590412 -0.142310133721968 -0.14224584215701 -0.141177503616532 -0.139059368320332 -0.135865677508298 -0.13159428587611 -0.126270396627462 -0.119950717963963 -0.11272774367336 -0.104733431213465 -0.0961413898150668 -0.0871667309325337 -0.0780628676432597 -0.0691147243974899 -0.0606280958543705 -0.052915467709255 -0.0462796713237359 -0.0409981143506294 -0.0373111890515391 -0.0354177110928642 -0.0354775340907351 -0.0376175479707598 -0.041932409806146 -0.0484630381647477 -0.0571170008668955 -0.0674633412585353 -0.0784271174772727 -0.0887320697844297 -0.0987989122014535 -0.110570077572573 -0.125718618064398
-0.0739483922711961 -0.0824335075704424 -0.0901717736896078 -0.0972215543282079 -0.103643801590867 -0.109490210276663 -0.114792062500519 -0.119552880451515 -0.12374712372746 -0.127324632452929 -0.130218424315631 -0.132353253132539 -0.133653421525907 -0.134049386487173 -0.133483194888508 -0.131912971634595 -0.129316803432245 -0.125696398885619 -0.121080761379656 -0.115529803933933 -0.109137506002821 -0.102034006282061 -0.0943860024919414 -0.0863949626726889 -0.0782928865227941 -0.0703356578208249 -0.0627944111469916 -0.0559458209749281 -0.0500627621785427 -0.0454071839017211 -0.0422269421346206 -0.0407574900553727 -0.0412278094783705 -0.0438680963982854 -0.048914304689901 -0.0565993131447385 -0.067100763610548 -0.0803188979354029 -0.0948769607270768 -0.106571177016591 -0.11621547038713 -0.128266368367628 -0.145121338732995
-0.0650056448601712 -0.0731695407234917 -0.0806176321878656 -0.0874344868044894 -0.0937057309483488 -0.0995024739664144 -0.104864867093596 -0.109791797873166 -0.114241995379642 -0.118145084403668 -0.121416041329312 -0.1239673580896 -0.125717124449475 -0.126593966723273 -0.126540399332548 -0.125515731366472 -0.123499134150129 -0.120493066717546 -0.116526921998945 -0.111660461499843 -0.105986404340011 -0.0996315027208198 -0.0927555881704884 -0.0855483628720117 -0.0782240751032136 -0.0710146267396179 -0.0641620998423134 -0.0579120891715662 -0.0525094091733107 -0.0481974757312978 -0.0452218483047301 -0.0438372778626184 -0.0443166191159651 -0.0469595210716908 -0.0520988985666083 -0.0601035052700045 -0.0713752663648886 -0.0863401322299944 -0.105402875688592 -0.11712344762983 -0.124564349373536 -0.13593589413214 -0.152931736279934
-0.0571059109223242 -0.0648576987754989 -0.0719166492677072 -0.0784006876606481 -0.0844319352654471 -0.0901147047171503 -0.0955069792037576 -0.100601589608882 -0.10533134217061 -0.109593441612654 -0.11327573057684 -0.116273330376568 -0.118495540808867 -0.119867523768605 -0.120330591139746 -0.119843065636332 -0.118382393820125 -0.115948466807165 -0.112567632553186 -0.108296535871942 -0.103224760475734 -0.0974753651961097 -0.0912027872111281 -0.0845880947229462 -0.0778320839659621 -0.0711472169796712 -0.0647499298338721 -0.0588553145628046 -0.0536762346936522 -0.049428106537875 -0.0463387720579223 -0.0446607919291369 -0.0446822399935372 -0.0467321564498922 -0.0511770759454 -0.0584022561993685 -0.068755317214895 -0.0823412877236263 -0.0979348778018353 -0.110179063049569 -0.119918956898587 -0.131856157963231 -0.147976706016935
-0.0502658326596601 -0.0575035781847331 -0.0640608167272344 -0.0700933747191887 -0.0757754498883009 -0.0812688934435166 -0.0866669620651556 -0.0919511289212302 -0.0970055856892218 -0.101673597809738 -0.105805004938338 -0.109275181855141 -0.111985699622278 -0.113859457790505 -0.11483654072948 -0.114872702678316 -0.113940688029584 -0.112033944693484 -0.109171793754612 -0.105404623454018 -0.1008174305886 -0.0955303091029748 -0.089695237796226 -0.0834893781497211 -0.0771057409953867 -0.0707425775986395 -0.0645935123564482 -0.0588413213145092 -0.0536587148678922 -0.049218276473371 -0.0457101971588379 -0.0433620008499847 -0.0424520354764189 -0.0433094649479702 -0.0462947683566554 -0.0517493865480586 -0.0598805116021308 -0.0704936311210264 -0.0825227410175131 -0.0943642503623484 -0.1062967529859 -0.120282153968401 -0.138731660122458
-0.0445098409205807 -0.0511293381921714 -0.0570643263781776 -0.0625042679403778 -0.067692827126052 -0.0728968705743341 -0.0782876517109192 -0.0838201081698043 -0.0892765298375051 -0.0944103318626828 -0.099025909631577 -0.102984479090217 -0.106186970295639 -0.108558617575287 -0.110039778030882 -0.110582321175477 -0.110150658457008 -0.108726659067431 -0.106317236816521 -0.102962432662438 -0.0987411561834533 -0.0937722114900213 -0.088209764185324 -0.0822339648273009 -0.0760381267624677 -0.0698139285841527 -0.0637367164055575 -0.0579548693242792 -0.0525893871432784 -0.047749232899195 -0.0435615146967726 -0.0402054268631603 -0.0379333146832692 -0.0370669227129765 -0.0379656546392739 -0.0409647623465875 -0.0462737256364334 -0.0538362745918416 -0.0632697545470916 -0.0742152722078466 -0.0870155119771685 -0.102781936086225 -0.122933934956096
-0.0398642160154769 -0.0457790324390179 -0.0509841180238833 -0.0556760430783336 -0.0601678465445122 -0.0649222434728337 -0.0703174386061524 -0.0762319233136838 -0.0822086936800204 -0.0878668972083776 -0.0929809886295098 -0.0974196946301527 -0.101097267092199 -0.103948232309742 -0.10591529529495 -0.106944734079109 -0.106987641364248 -0.106006857987698 -0.103988767574967 -0.100956847600049 -0.0969818314114011 -0.0921839780446393 -0.0867264356210612 -0.08080197348779 -0.0746157378651283 -0.0683650111392677 -0.0622165182426704 -0.0562853927649065 -0.050627019701876 -0.0452568156449454 -0.0402024236221304 -0.035567696936839 -0.0315718331571944 -0.0285424037036461 -0.0268715631998608 -0.0269564600925702 -0.0291364813452453 -0.0336430463296254 -0.0406144100226552 -0.0502376818940427 -0.0629302296618304 -0.0793298266692502 -0.10000996412795
-0.0363442549143406 -0.0415170271702084 -0.0459451171166512 -0.0497743274076034 -0.0532984851883899 -0.0572695888503089 -0.062759023677399 -0.0693460608341019 -0.0759704508530469 -0.082158321304269 -0.0877300986505869 -0.0925980718151826 -0.0967039747750709 -0.0999968876326632 -0.102422869988132 -0.103920046021766 -0.104419395288769 -0.103853653910557 -0.102175617012394 -0.0993818709013649 -0.0955317159948441 -0.0907514119938731 -0.0852228462035196 -0.0791638703761209 -0.0728065068618604 -0.0663722501489128 -0.0600392887772046 -0.0539012907313877 -0.0479351757479871 -0.0420167092877727 -0.0360124333110413 -0.0299110920948742 -0.0239018353905107 -0.0183514460370708 -0.0137271969767895 -0.0105341622705324 -0.00929109749464413 -0.0105310370184486 -0.0148016773492854 -0.0226417976900623 -0.0345246685112992 -0.0507861339827022 -0.0715349725410854
