phylospatial_scripts/04_phylogeographic_endemism_diversity/phylo_end_div_example_data/lineages_distribution_models_aligned/Alopoglossus_atriventris_Lineage_04.asc
NCOLS 948 
NROWS 876 
XLLCORNER -82.0001392807733 
YLLCORNER -23.0001391566535 
CELLSIZE 0.0416666664987406 
NODATA_value -9999 
[rows 406 to 434 of 876, columns 536 to 602 of 948]
0.318013429641724 0.317281693220139 0.315372735261917 0.3132444024086 0.312788248062134 0.311252593994141 0.308953613042831 0.305902481079102 0.303456723690033 0.302518844604492 0.298582881689072 0.297212719917297 0.294180542230606 0.294710099697113 0.293979585170746 0.292580425739288 0.291688740253448 0.290587902069092 0.286060899496078 0.28496789932251 0.28338885307312 0.28073850274086 0.278682291507721 0.276558876037598 0.274836868047714 0.273977786302567 0.270775765180588 0.269507735967636 0.268838465213776 0.26617431640625 0.265110343694687 0.262275338172913 0.262281239032745 0.25982066988945 0.256673991680145 -9999 -9999 -9999 -9999 -9999 -9999 0 0 0 0 0 0 0 0 0 0 0 0 0 0 0 0 0 0 0 0 0 0 0 0 0 0
0.317708432674408 0.31734973192215 0.315522253513336 0.315289407968521 0.314671039581299 0.310852229595184 0.310016006231308 0.306632816791534 0.30346268415451 0.300803363323212 0.300142586231232 0.299870431423187 0.301257431507111 0.299160480499268 0.293812990188599 0.29063281416893 0.290906429290771 0.289781123399734 0.286347329616547 0.286295831203461 0.283378511667252 0.280781865119934 0.279320448637009 0.278049021959305 0.276686578989029 0.27429735660553 0.271537452936172 0.269432336091995 0.265627145767212 0.261769354343414 0.263024151325226 0.263429254293442 0.262195646762848 0.258670091629028 0.256836384534836 -9999 -9999 -9999 -9999 -9999 -9999 0 0 0 0 0 0 0 0 0 0 0 0 0 0 0 0 0 0 0 0 0 0 0 0 0 0
0.317607223987579 0.316376894712448 0.317441374063492 0.317414790391922 0.314827173948288 0.311800718307495 0.310353457927704 0.307295083999634 0.304133176803589 0.302507877349854 0.301258027553558 0.300577193498611 0.303565174341202 0.29768180847168 0.29262563586235 0.290120422840118 0.289109319448471 0.288845926523209 0.28686061501503 0.283388465642929 0.281855553388596 0.280525773763657 0.279026716947556 0.274198114871979 0.271080195903778 0.272205501794815 0.268959432840347 0.263838142156601 0.263212144374847 0.263124048709869 0.262019634246826 0.259724825620651 0.257979333400726 0.256590902805328 0.255449563264847 -9999 -9999 -9999 -9999 -9999 -9999 0 0 0 0 0 0 0 0 0 0 0 0 0 0 0 0 0 0 0 0 0 0 0 0 0 0
0.316345542669296 0.315667599439621 0.316602319478989 0.312788873910904 0.311702936887741 0.310681074857712 0.308525085449219 0.306789547204971 0.304324239492416 0.301225274801254 0.303090304136276 0.303176254034042 0.302347213029861 0.298802345991135 0.293571829795837 0.291497707366943 0.292808383703232 0.292175352573395 0.288998901844025 0.288702309131622 0.284916609525681 0.279493570327759 0.273004502058029 0.270970702171326 0.270802080631256 0.269173473119736 0.266929715871811 0.263190299272537 0.262805163860321 0.261197328567505 0.260999739170074 0.259976893663406 0.257985562086105 0.255971163511276 0.254090666770935 0.252251535654068 -9999 -9999 -9999 -9999 -9999 0 0 0 0 0 0 0 0 0 0 0 0 0 0 0 0 0 0 0 0 0 0 0 0 0 0
0.318362444639206 0.317369997501373 0.315255373716354 0.313229203224182 0.31154590845108 0.310010880231857 0.309288382530212 0.308478355407715 0.305411249399185 0.305738151073456 0.305592864751816 0.303887039422989 0.300520271062851 0.29785031080246 0.294755160808563 0.295992195606232 0.294532001018524 0.292054802179337 0.289147764444351 0.287481307983398 0.285709172487259 0.279265075922012 0.275410503149033 0.272018134593964 0.270923137664795 0.269455462694168 0.267083436250687 0.263093650341034 0.262277781963348 0.261331260204315 0.261041283607483 0.258974492549896 0.259509474039078 0.258967578411102 0.261137187480927 0.260284781455994 -9999 -9999 -9999 -9999 -9999 0 0 0 0 0 0 0 0 0 0 0 0 0 0 0 0 0 0 0 0 0 0 0 0 0 0
0.318996608257294 0.315720111131668 0.314526587724686 0.315264195203781 0.314235597848892 0.312909632921219 0.310994237661362 0.307738840579987 0.304689168930054 0.303213596343994 0.304040879011154 0.302028626203537 0.298796325922012 0.296559631824493 0.296481996774673 0.295823156833649 0.291788160800934 0.287757247686386 0.286638587713242 0.288087248802185 0.283802598714828 0.280531704425812 0.277682304382324 0.277381509542465 0.273336440324783 0.271116435527802 0.267498165369034 0.264171808958054 0.262729227542877 0.261700719594955 0.260947287082672 0.259225904941559 0.257933020591736 0.255082100629807 0.258215457201004 0.253623962402344 -9999 -9999 -9999 -9999 -9999 0 0 0 0 0 0 0 0 0 0 0 0 0 0 0 0 0 0 0 0 0 0 0 0 0 0
0.317120641469955 0.318137943744659 0.317589461803436 0.316493511199951 0.314781963825226 0.312647938728333 0.310860931873322 0.305324792861938 0.301070392131805 0.300381124019623 0.301899433135986 0.300596714019775 0.297188818454742 0.297121614217758 0.296599179506302 0.292504191398621 0.28619572520256 0.284156024456024 0.286543309688568 0.288038909435272 0.282820075750351 0.27968642115593 0.277162998914719 0.273727536201477 0.272345155477524 0.27211806178093 0.273592948913574 0.269617944955826 0.262392848730087 0.262669533491135 0.263924717903137 0.261099815368652 0.260678768157959 0.261755436658859 0.25854566693306 0.25392147898674 -9999 -9999 -9999 -9999 -9999 0 0 0 0 0 0 0 0 0 0 0 0 0 0 0 0 0 0 0 0 0 0 0 0 0 0
0.316213995218277 0.314910531044006 0.313012510538101 0.312951385974884 0.311622679233551 0.305773347616196 0.304098874330521 0.30078387260437 0.299354314804077 0.299603343009949 0.298794001340866 0.295512080192566 0.294351994991302 0.29510509967804 0.292175441980362 0.285849183797836 0.283279597759247 0.283225476741791 0.284681528806686 0.283985167741776 0.278996050357819 0.278221964836121 0.275522083044052 0.273038148880005 0.272005498409271 0.271061927080154 0.270122140645981 0.27057746052742 0.267701119184494 0.266290247440338 0.268109560012817 0.267214417457581 0.26203927397728 0.254611730575562 0.254872381687164 0.255526304244995 -9999 -9999 -9999 -9999 -9999 0 0 0 0 0 0 0 0 0 0 0 0 0 0 0 0 0 0 0 0 0 0 0 0 0 0
0.309078395366669 0.310263216495514 0.312507718801498 0.311999082565308 0.305065751075745 0.301506191492081 0.301382124423981 0.300709307193756 0.299359917640686 0.297377020120621 0.295013427734375 0.293896168470383 0.293998837471008 0.293703615665436 0.291336476802826 0.283935517072678 0.282565265893936 0.282773166894913 0.281854271888733 0.282126843929291 0.277927249670029 0.273965269327164 0.272785127162933 0.271255522966385 0.270475566387177 0.268861770629883 0.269019186496735 0.268797814846039 0.26687079668045 0.267096310853958 0.264315366744995 0.256648451089859 0.258418083190918 0.256834447383881 0.2551549077034 0.253765881061554 -9999 -9999 -9999 -9999 -9999 0 0 0 0 0 0 0 0 0 0 0 0 0 0 0 0 0 0 0 0 0 0 0 0 0 0
0.311080545186996 0.309110343456268 0.313681960105896 0.305247098207474 0.30248236656189 0.301364362239838 0.30032280087471 0.299393981695175 0.298743367195129 0.295846343040466 0.294660478830338 0.293300420045853 0.293695837259293 0.292421191930771 0.289707154035568 0.283940821886063 0.281838476657867 0.280367195606232 0.279858350753784 0.278695970773697 0.275145977735519 0.273597657680511 0.271720379590988 0.270422637462616 0.269561737775803 0.268353790044785 0.266639471054077 0.267414927482605 0.266407012939453 0.260427623987198 0.258702725172043 0.258545458316803 0.257017910480499 0.256842344999313 0.254587560892105 0.25378829240799 0.251870334148407 -9999 -9999 -9999 -9999 0 0 0 0 0 0 0 0 0 0 0 0 0 0 0 0 0 0 0 0 0 0 0 0 0 0
0.307387202978134 0.310779124498367 0.30713015794754 0.302751153707504 0.301687687635422 0.30056244134903 0.299554288387299 0.299122393131256 0.296473830938339 0.294818431138992 0.293255239725113 0.294730514287949 0.292517244815826 0.289192497730255 0.287840574979782 0.282035827636719 0.280288249254227 0.27975144982338 0.281542807817459 0.279193878173828 0.27566859126091 0.274650096893311 0.274267882108688 0.273063778877258 0.270858645439148 0.270778179168701 0.26973631978035 0.268946170806885 0.262946903705597 0.261478632688522 0.260727733373642 0.259954154491425 0.258625537157059 0.256762444972992 0.254276186227798 0.253027200698853 0.252330094575882 -9999 -9999 -9999 -9999 0 0 0 0 0 0 0 0 0 0 0 0 0 0 0 0 0 0 0 0 0 0 0 0 0 0
0.304184287786484 0.30687403678894 0.30113673210144 0.30123370885849 0.301176905632019 0.30052176117897 0.299708008766174 0.296454310417175 0.295181840658188 0.29300194978714 0.29240819811821 0.292342722415924 0.290279269218445 0.28821074962616 0.284590274095535 0.283711403608322 0.282835781574249 0.282354176044464 0.280026972293854 0.274696230888367 0.27513974905014 0.277788102626801 0.272917002439499 0.27093043923378 0.270634204149246 0.268193632364273 0.266064494848251 0.26355767250061 0.263944685459137 0.26163774728775 0.261287659406662 0.259824633598328 0.257167011499405 0.254348933696747 0.253021240234375 0.252695024013519 0.251464873552322 -9999 -9999 -9999 -9999 0 0 0 0 0 0 0 0 0 0 0 0 0 0 0 0 0 0 0 0 0 0 0 0 0 0
0.305788516998291 0.300712734460831 0.30045560002327 0.298013627529144 0.302487224340439 0.303498864173889 0.299550831317902 0.29645511507988 0.294296741485596 0.293589204549789 0.293625205755234 0.290813118219376 0.286066859960556 0.285655081272125 0.285195529460907 0.284457683563232 0.281756728887558 0.281581938266754 0.279258131980896 0.276916891336441 0.275780767202377 0.272857785224915 0.270375460386276 0.269562631845474 0.268798619508743 0.267054945230484 0.263872295618057 0.263001173734665 0.265538692474365 0.261525064706802 0.260001987218857 0.258886396884918 0.2558833360672 0.254502981901169 0.253701865673065 0.252637177705765 0.25143364071846 -9999 -9999 -9999 -9999 0 0 0 0 0 0 0 0 0 0 0 0 0 0 0 0 0 0 0 0 0 0 0 0 0 0
0.300735622644424 0.299689918756485 0.297279953956604 0.29831326007843 0.304224222898483 0.300403773784637 0.297507673501968 0.295444816350937 0.296546220779419 0.296277761459351 0.292452812194824 0.286032617092133 0.284730941057205 0.287101656198502 0.285075038671494 0.284251749515533 0.28045853972435 0.282875686883926 0.278502464294434 0.276175826787949 0.279026210308075 0.274210304021835 0.270323842763901 0.269454598426819 0.26732012629509 0.26431679725647 0.263825327157974 0.263343960046768 0.262021094560623 0.263669431209564 0.259685844182968 0.256289750337601 0.254400372505188 0.253791272640228 0.252988249063492 0.252253264188766 0.251366078853607 -9999 -9999 -9999 -9999 0 0 0 0 0 0 0 0 0 0 0 0 0 0 0 0 0 0 0 0 0 0 0 0 0 0
0.299079835414886 0.297688692808151 0.297011435031891 0.298442095518112 0.297130614519119 0.294765174388885 0.295247465372086 0.296266585588455 0.299677610397339 0.295935869216919 0.286506175994873 0.284478604793549 0.284730076789856 0.287189602851868 0.283608227968216 0.281803131103516 0.281087756156921 0.28243812918663 0.277258157730103 0.274960786104202 0.27724227309227 0.275494515895844 0.270415276288986 0.269244790077209 0.267261058092117 0.264994144439697 0.263868689537048 0.262254267930984 0.261278837919235 0.261694729328156 0.260292321443558 0.257524639368057 0.255087226629257 0.253692448139191 0.25277978181839 0.2520891726017 0.251285344362259 -9999 -9999 -9999 -9999 0 0 0 0 0 0 0 0 0 0 0 0 0 0 0 0 0 0 0 0 0 0 0 0 0 0
0.298094749450684 0.296568721532822 0.294809937477112 0.292431116104126 0.292341947555542 0.290724247694016 0.291497081518173 0.299447119235992 0.297055572271347 0.290017426013947 0.285555273294449 0.284560799598694 0.283695697784424 0.287845700979233 0.282239764928818 0.280870020389557 0.280933022499084 0.280950009822845 0.276694089174271 0.273257523775101 0.273212999105453 0.278150975704193 0.271589010953903 0.269558131694794 0.2658711373806 0.264529079198837 0.263331174850464 0.261894106864929 0.260997474193573 0.260316401720047 0.259775727987289 0.258428156375885 0.255721211433411 0.254595100879669 0.252897471189499 0.252232491970062 0.250555753707886 -9999 -9999 -9999 -9999 0 0 0 0 0 0 0 0 0 0 0 0 0 0 0 0 0 0 0 0 0 0 0 0 0 0
0.298108130693436 0.2960005402565 0.29353329539299 0.292330384254456 0.290107309818268 0.288553893566132 0.293005436658859 0.299655050039291 0.29473876953125 0.286875635385513 0.286238342523575 0.284977108240128 0.288425832986832 0.285839974880219 0.282075971364975 0.281394213438034 0.28131240606308 0.27976006269455 0.275605887174606 0.274170100688934 0.273007363080978 0.274278372526169 0.275769144296646 0.271435409784317 0.265481680631638 0.264349192380905 0.263514816761017 0.26043289899826 0.261512935161591 0.260183930397034 0.257923990488052 0.256634443998337 0.257930010557175 0.254657387733459 0.253304094076157 0.252122461795807 0.251501083374023 0.249867171049118 -9999 -9999 -9999 0 0 0 0 0 0 0 0 0 0 0 0 0 0 0 0 0 0 0 0 0 0 0 0 0 0
0.297451317310333 0.294980138540268 0.293401688337326 0.292333573102951 0.289218455553055 0.287505567073822 0.294261306524277 0.298851281404495 0.290426939725876 0.28760614991188 0.2874576151371 0.290785759687424 0.288869708776474 0.283442586660385 0.28254771232605 0.281591087579727 0.2816461622715 0.276863723993301 0.276932179927826 0.274705857038498 0.273384541273117 0.27245956659317 0.271414011716843 0.273379057645798 0.266981661319733 0.264824956655502 0.263837903738022 0.262657523155212 0.260148584842682 0.260102927684784 0.258121848106384 0.256355911493301 0.256709963083267 0.255439281463623 0.253883063793182 0.252928197383881 0.251702219247818 0.250951707363129 -9999 -9999 -9999 0 0 0 0 0 0 0 0 0 0 0 0 0 0 0 0 0 0 0 0 0 0 0 0 0 0
0.296319872140884 0.294433951377869 0.291943073272705 0.290039420127869 0.289018243551254 0.28835740685463 0.297702342271805 0.296302855014801 0.286287903785706 0.289394915103912 0.29097506403923 0.291884690523148 0.284790486097336 0.283833026885986 0.28286537528038 0.280667960643768 0.281290352344513 0.278578698635101 0.275364905595779 0.274566262960434 0.273284673690796 0.2715163230896 0.27109032869339 0.272741734981537 0.266335397958755 0.264970064163208 0.263883590698242 0.262363970279694 0.26209431886673 0.260080933570862 0.256879985332489 0.256080329418182 0.255934298038483 0.256457895040512 0.253632843494415 0.252572059631348 0.251202523708344 0.248389601707458 -9999 -9999 -9999 0 0 0 0 0 0 0 0 0 0 0 0 0 0 0 0 0 0 0 0 0 0 0 0 0 0
0.295800805091858 0.293690711259842 0.293073147535324 0.292219519615173 0.292351990938187 0.294592350721359 0.300810873508453 0.28938302397728 0.286630868911743 0.292411684989929 0.293465137481689 0.286649703979492 0.285115748643875 0.284190475940704 0.281615883111954 0.279869377613068 0.281252294778824 0.279928356409073 0.275258958339691 0.274079263210297 0.272035419940948 0.269301414489746 0.26863157749176 0.270465821027756 0.268386751413345 0.262949526309967 0.260400414466858 0.260009974241257 0.259230673313141 0.259277880191803 0.259337872266769 0.259111255407333 0.259001821279526 0.256134003400803 0.254220575094223 0.251891016960144 0.247274652123451 0.248472705483437 -9999 -9999 -9999 0 0 0 0 0 0 0 0 0 0 0 0 0 0 0 0 0 0 0 0 0 0 0 0 0 0
0.29547193646431 0.293843626976013 0.294765651226044 0.297665685415268 0.296211779117584 0.300516128540039 0.293971180915833 0.286648958921432 0.287193477153778 0.29000997543335 0.28813973069191 0.283135056495667 0.285177022218704 0.282859534025192 0.279941409826279 0.28026869893074 0.278806775808334 0.279140770435333 0.277982324361801 0.274543076753616 0.271596848964691 0.268853038549423 0.268968224525452 0.26740550994873 0.271518111228943 0.266182392835617 0.262379199266434 0.260432809591293 0.259509891271591 0.259688556194305 0.259998857975006 0.258245557546616 0.256154417991638 0.254557549953461 0.254449188709259 0.25367459654808 0.250073313713074 0.25084599852562 -9999 -9999 -9999 0 0 0 0 0 0 0 0 0 0 0 0 0 0 0 0 0 0 0 0 0 0 0 0 0 0
0.295665174722672 0.295435100793839 0.298360556364059 0.294026702642441 0.297826200723648 0.292060196399689 0.287609070539474 0.287069171667099 0.285667985677719 0.283307582139969 0.284530222415924 0.281453251838684 0.284110844135284 0.281420797109604 0.279929041862488 0.279485553503036 0.278822869062424 0.278521507978439 0.276152700185776 0.274256527423859 0.27128067612648 0.268849968910217 0.26874902844429 0.267124652862549 0.269471347332001 0.265197515487671 0.263520002365112 0.262976557016373 0.260423421859741 0.259120970964432 0.259454190731049 0.256349921226501 0.255750358104706 0.256216466426849 0.254108548164368 0.251755774021149 0.246150821447372 0.245335817337036 -9999 -9999 -9999 0 0 0 0 0 0 0 0 0 0 0 0 0 0 0 0 0 0 0 0 0 0 0 0 0 0
0.299881756305695 0.299365401268005 0.297528892755508 0.292173266410828 0.290202766656876 0.289328634738922 0.288023233413696 0.288211643695831 0.287513136863708 0.285864770412445 0.283423185348511 0.280620336532593 0.283595889806747 0.282056033611298 0.280494570732117 0.279093950986862 0.277822345495224 0.2776999771595 0.277775317430496 0.273699671030045 0.270895600318909 0.269875138998032 0.268246978521347 0.267332494258881 0.271098613739014 0.265350252389908 0.264482587575912 0.26220828294754 0.260633707046509 0.259537100791931 0.258262425661087 0.256403118371964 0.256600946187973 0.255573660135269 0.256490647792816 0.257967680692673 0.254381835460663 0.248093396425247 0.247771754860878 -9999 -9999 0 0 0 0 0 0 0 0 0 0 0 0 0 0 0 0 0 0 0 0 0 0 0 0 0 0
0.297402322292328 0.299151837825775 0.295587778091431 0.290543109178543 0.287104099988937 0.288237482309341 0.285406142473221 0.285930305719376 0.284442782402039 0.281536072492599 0.285910427570343 0.278519034385681 0.279636800289154 0.28110009431839 0.279353946447372 0.279101133346558 0.277373939752579 0.276509046554565 0.275729089975357 0.275756776332855 0.269954353570938 0.26874116063118 0.267879247665405 0.268095076084137 0.271589636802673 0.265107005834579 0.263591915369034 0.260512202978134 0.258742183446884 0.257742255926132 0.257082551717758 0.257324784994125 0.253739565610886 0.25860783457756 0.255478769540787 0.250878214836121 0.250500112771988 0.252967149019241 0.247718662023544 -9999 -9999 0 0 0 0 0 0 0 0 0 0 0 0 0 0 0 0 0 0 0 0 0 0 0 0 0 0
0.295648813247681 0.29454317688942 0.292935699224472 0.290421038866043 0.286298632621765 0.285293102264404 0.284968733787537 0.287031590938568 0.28304585814476 0.281635403633118 0.284968942403793 0.279372125864029 0.279416412115097 0.280904412269592 0.280029565095901 0.278569400310516 0.275619029998779 0.272401064634323 0.272018134593964 0.274010539054871 0.269387066364288 0.268783122301102 0.269098967313766 0.268834173679352 0.271854549646378 0.262976199388504 0.261760413646698 0.25919982790947 0.258792042732239 0.257310032844543 0.257248848676682 0.259046822786331 0.260042279958725 0.254692256450653 0.251262485980988 0.252859741449356 0.255485951900482 0.251184821128845 0.246094137430191 -9999 -9999 0 0 0 0 0 0 0 0 0 0 0 0 0 0 0 0 0 0 0 0 0 0 0 0 0 0
0.295649856328964 0.294012844562531 0.292533814907074 0.287613987922668 0.286381512880325 0.285159081220627 0.283873468637466 0.283900916576385 0.282403260469437 0.281029999256134 0.281257003545761 0.282654047012329 0.277178376913071 0.277125716209412 0.277669101953506 0.275626093149185 0.274604082107544 0.271706432104111 0.272454112768173 0.272013992071152 0.268608838319778 0.268598586320877 0.266267955303192 0.265850692987442 0.265882760286331 0.266315042972565 0.265448421239853 0.265498608350754 0.262786775827408 0.2604119181633 0.260472983121872 0.25824099779129 0.253625154495239 0.251881062984467 0.251786381006241 0.257283061742783 0.250370353460312 0.245954498648643 0.2387705296278 -9999 -9999 0 0 0 0 0 0 0 0 0 0 0 0 0 0 0 0 0 0 0 0 0 0 0 0 0 0
0.294935554265976 0.29378080368042 0.291904121637344 0.287527203559875 0.286259144544601 0.286115199327469 0.287426054477692 0.283621788024902 0.281282812356949 0.280128359794617 0.280890315771103 0.284859478473663 0.276632457971573 0.27480086684227 0.277947276830673 0.27507084608078 0.274871349334717 0.271839559078217 0.271498799324036 0.273097932338715 0.269657075405121 0.266592741012573 0.265851497650146 0.263413488864899 0.262966871261597 0.260863304138184 0.259484112262726 0.259204864501953 0.260773539543152 0.260240435600281 0.257927656173706 0.254730582237244 0.250868886709213 0.251131057739258 0.256401360034943 0.254956036806107 0.246530801057816 0.24204608798027 0.240237429738045 -9999 -9999 0 0 0 0 0 0 0 0 0 0 0 0 0 0 0 0 0 0 0 0 0 0 0 0 0 0
0.293678104877472 0.291323244571686 0.291537910699844 0.289226740598679 0.285558462142944 0.284275650978088 0.285725176334381 0.281302660703659 0.280531615018845 0.279529362916946 0.278669685125351 0.283491432666779 0.274914860725403 0.272130757570267 0.277379542589188 0.273702353239059 0.273977756500244 0.273169249296188 0.273349910974503 0.27346533536911 0.268767654895782 0.266273975372314 0.262725591659546 0.261976212263107 0.26110428571701 0.260306924581528 0.260996669530869 0.261240422725677 0.259197682142258 0.255795776844025 0.254166007041931 0.251596599817276 0.249179035425186 0.251910477876663 0.256306499242783 0.250318795442581 0.244008347392082 0.240277007222176 0.237671941518784 -9999 -9999 0 0 0 0 0 0 0 0 0 0 0 0 0 0 0 0 0 0 0 0 0 0 0 0 0 0
0.292070031166077 0.290780603885651 0.289014041423798 0.28874135017395 0.285288631916046 0.284656196832657 0.282943993806839 0.280323147773743 0.279154032468796 0.279027163982391 0.277545273303986 0.281399130821228 0.27480161190033 0.275045096874237 0.276572167873383 0.272277802228928 0.272585779428482 0.272734969854355 0.27458980679512 0.269272476434708 0.267013967037201 0.266052544116974 0.26297065615654 0.261746019124985 0.26199346780777 0.262624949216843 0.259492605924606 0.258137762546539 0.255283057689667 0.25276842713356 0.251791298389435 0.251433134078979 0.251090109348297 0.25177127122879 0.255335360765457 0.245248809456825 0.239896297454834 0.241570219397545 0.240093111991882 0.227357909083366 -9999 0 0 0 0 0 0 0 0 0 0 0 0 0 0 0 0 0 0 0 0 0 0 0 0 0 0
