phylospatial_scripts/06_phylobetadiversity/phylobetadiversity_example_data/suitability_LDMs/Alopoglossus_angulatus_Lineage_04.asc
NCOLS 948 
NROWS 876 
XLLCORNER -82.0001392819398 
YLLCORNER -23.000139157402 
CELLSIZE 0.0416666665010753 
NODATA_value -9999 
[rows 336 to 363 of 876, columns 819 to 881 of 948]
-9999 -9999 -9999 -9999 -9999 -9999 -9999 -9999 -9999 -9999 -9999 -9999 -9999 -9999 -9999 -9999 -9999 -9999 -9999 -9999 -9999 -9999 -9999 -9999 -9999 -9999 -9999 -9999 -9999 -9999 -9999 -9999 -9999 -9999 -9999 -9999 -9999 -9999 -9999 -9999 -9999 -9999 -9999 -9999 -9999 -9999 -9999 -9999 -9999 -9999 -9999 -9999 -9999 -9999 -9999 0 0 0 0 0 0 0 0
0.0481990352272987 0.0455044582486153 0.0463400557637215 0.0431493185460567 0.0440308265388012 -9999 -9999 -9999 -9999 -9999 -9999 -9999 -9999 -9999 -9999 -9999 -9999 -9999 -9999 -9999 -9999 -9999 -9999 -9999 -9999 -9999 -9999 -9999 -9999 -9999 -9999 -9999 -9999 -9999 -9999 -9999 -9999 -9999 -9999 -9999 -9999 -9999 -9999 -9999 -9999 -9999 -9999 -9999 -9999 -9999 -9999 -9999 -9999 -9999 -9999 0 0 0 0 0 0 0 0
0.0483896099030972 0.0467313639819622 0.0468973591923714 0.0430771522223949 0.0411226078867912 0.0412155129015446 -9999 0.039385873824358 0.0386264957487583 0.0353450179100037 0.0344225727021694 0.0314935892820358 0.0359389074146748 0.0355150625109673 0.0384123548865318 -9999 -9999 -9999 -9999 -9999 -9999 -9999 -9999 -9999 -9999 -9999 -9999 -9999 -9999 -9999 -9999 -9999 -9999 -9999 -9999 -9999 -9999 -9999 -9999 -9999 -9999 -9999 -9999 -9999 -9999 -9999 -9999 -9999 -9999 -9999 -9999 -9999 -9999 -9999 -9999 0 0 0 0 0 0 0 0
0.0514270588755608 0.0483171157538891 0.0459315441548824 0.0470811352133751 0.0434181280434132 0.0419950373470783 -9999 0.0386326871812344 0.0389275439083576 0.0371864475309849 0.0343203693628311 0.0349483005702496 0.0362997204065323 0.0358169041574001 0.0362009517848492 0.0367192402482033 0.0375190638005733 -9999 -9999 -9999 -9999 -9999 -9999 -9999 -9999 -9999 -9999 -9999 -9999 -9999 -9999 -9999 -9999 -9999 -9999 -9999 -9999 -9999 -9999 -9999 -9999 -9999 -9999 -9999 -9999 -9999 -9999 -9999 -9999 -9999 -9999 -9999 -9999 -9999 -9999 0 0 0 0 0 0 0 0
0.0542170628905296 0.0516218170523643 0.0494662895798683 0.0471912808716297 0.0460896231234074 0.0434139929711819 0.0436477065086365 0.0404603593051434 0.0404959358274937 0.0376675017178059 0.0361449457705021 0.0373377613723278 0.0375907570123672 0.0375910066068172 0.0392237938940525 0.0400217846035957 0.0391970090568066 0.0386945568025112 0.0427029989659786 0.0427288822829723 -9999 -9999 -9999 -9999 -9999 -9999 -9999 -9999 -9999 -9999 -9999 -9999 -9999 -9999 -9999 -9999 -9999 -9999 -9999 -9999 -9999 -9999 -9999 -9999 -9999 -9999 -9999 -9999 -9999 -9999 -9999 -9999 -9999 -9999 -9999 0 0 0 0 0 0 0 0
0.05606559664011 0.0563518069684505 0.0532785058021545 0.052860900759697 0.0511228069663048 0.0486949197947979 0.0465710982680321 0.0441452711820602 0.0419557988643646 0.041469395160675 0.0408415943384171 0.0402035899460316 0.0392375402152538 0.0411530435085297 0.03991973772645 0.0404450558125973 0.042006853967905 0.0412169136106968 0.0426670387387276 0.0419139638543129 -9999 0.0460276044905186 0.0481615103781223 -9999 -9999 -9999 -9999 -9999 -9999 -9999 -9999 -9999 -9999 -9999 -9999 -9999 -9999 -9999 -9999 -9999 -9999 -9999 -9999 -9999 -9999 -9999 -9999 -9999 -9999 -9999 -9999 -9999 -9999 -9999 -9999 0 0 0 0 0 0 0 0
0.0604539960622787 0.0610264427959919 0.0551746226847172 0.0549137145280838 0.0524369664490223 0.0523381307721138 0.0507276393473148 0.0487429946660995 0.0482219122350216 0.0457280054688454 0.0439562872052193 0.0452790595591068 0.0429538451135159 0.0410540103912354 0.0424698255956173 0.0435559451580048 0.0445594564080238 0.0443592369556427 0.0446228049695492 0.0474822409451008 0.0463182963430882 0.0468431822955608 0.0473259091377258 -9999 0.0489488951861858 0.0500358641147614 -9999 -9999 -9999 -9999 -9999 -9999 -9999 -9999 -9999 -9999 -9999 -9999 -9999 -9999 -9999 -9999 -9999 -9999 -9999 -9999 -9999 -9999 -9999 -9999 -9999 -9999 -9999 -9999 -9999 0 0 0 0 0 0 0 0
0.0657364204525948 0.0609190799295902 0.0593113042414188 0.0613820999860764 0.0583744533360004 0.0548855736851692 0.0536830238997936 0.0523627288639545 0.0510917641222477 0.0494685918092728 0.0477260537445545 0.0514846816658974 0.049529530107975 0.0499565675854683 0.0476416051387787 0.0464100018143654 0.0480229444801807 0.0487111210823059 0.0487247817218304 0.0486621409654617 0.0481986068189144 0.0463096424937248 0.0468862466514111 0.0491349510848522 0.0488830357789993 0.0508102886378765 0.0514015853404999 0.0498182326555252 0.0487576127052307 0.0535296089947224 0.0535357072949409 -9999 -9999 -9999 -9999 -9999 -9999 -9999 -9999 -9999 -9999 -9999 -9999 -9999 -9999 -9999 -9999 -9999 -9999 -9999 -9999 -9999 -9999 -9999 -9999 0 0 0 0 0 0 0 0
0.0723927244544029 0.0705662816762924 0.0734085440635681 0.0705955624580383 0.0688195303082466 0.0661147609353065 0.0629860684275627 0.0576139353215694 0.0559190325438976 0.0548751763999462 0.0545459054410458 0.054694302380085 0.0523437149822712 0.0528449267148972 0.052377212792635 0.0494310110807419 0.0518583878874779 0.0529839880764484 0.0518793053925037 0.0518273264169693 0.0519993044435978 0.0517848916351795 0.050283282995224 0.049642838537693 0.0492830649018288 0.0491772554814816 0.0489304102957249 0.0509648472070694 0.0521694719791412 0.0523889660835266 0.0550461076200008 -9999 -9999 -9999 -9999 -9999 -9999 -9999 -9999 -9999 -9999 -9999 -9999 -9999 -9999 -9999 -9999 -9999 -9999 -9999 -9999 -9999 -9999 -9999 -9999 0 0 0 0 0 0 0 0
0.0774878337979317 0.0742156282067299 0.0716424062848091 0.0712215825915337 0.0739069730043411 0.0719495862722397 0.0650235936045647 0.0651952996850014 0.0644659101963043 0.0630058348178864 0.0617068335413933 0.0570688396692276 0.055422056466341 0.056457944214344 0.0576298423111439 0.0566268004477024 0.0612434558570385 0.0581945925951004 0.0554548613727093 0.0558614395558834 0.0591824352741241 0.055451724678278 0.0539496317505836 0.0524039156734943 0.0517715625464916 0.0505000874400139 0.0521933771669865 0.0528162866830826 0.0532493442296982 0.0535750798881054 -9999 -9999 0.0555833540856838 0.0543079227209091 0.0566673651337624 -9999 -9999 -9999 -9999 0.0547618418931961 0.0550355613231659 -9999 -9999 -9999 -9999 -9999 -9999 -9999 -9999 -9999 -9999 -9999 -9999 -9999 -9999 0 0 0 0 0 0 0 0
0.0785825625061989 0.0797697678208351 0.0763375982642174 0.077325850725174 0.0773338377475739 0.0760715454816818 0.0714701563119888 0.068864107131958 0.0706310570240021 0.0658609718084335 0.0659754276275635 0.0647669434547424 0.0616669356822968 0.0617290176451206 0.0608104057610035 0.0608085207641125 0.0600003115832806 0.0612069480121136 0.0626986026763916 0.0641428381204605 0.0595315732061863 0.0576672181487083 0.0580839030444622 0.0544975139200687 0.0537639632821083 0.0523543022572994 0.051309622824192 0.0537200942635536 0.0555619858205318 0.0522165559232235 0.0537750087678432 0.0537239164113998 0.058903057128191 0.0568467974662781 -9999 0.0528319850564003 -9999 0.0514449663460255 0.0538550205528736 0.0539501756429672 0.0557913705706596 0.0522960647940636 -9999 -9999 -9999 -9999 -9999 -9999 -9999 -9999 -9999 -9999 -9999 -9999 -9999 0 0 0 0 0 0 0 0
0.0847264975309372 0.0862150862812996 0.0829427391290665 0.08335080742836 0.0877189040184021 0.0850671455264091 0.078961081802845 0.0746399760246277 0.0722933858633041 0.0722721219062805 0.0709909200668335 0.0726230964064598 0.0722575709223747 0.0722420513629913 0.072048656642437 0.0709943622350693 0.0677716955542564 0.0662178546190262 0.0668326690793037 0.0663207992911339 0.0651935115456581 0.0593093708157539 0.0580746866762638 0.0562619566917419 0.0548736304044724 0.0548938773572445 0.0550412647426128 0.0567500777542591 0.0554953850805759 0.052734661847353 0.0544111132621765 0.0554371066391468 0.0553572028875351 0.0545274131000042 0.0532564707100391 0.0511169508099556 -9999 0.051339365541935 0.0536487847566605 0.053930439054966 0.0539782047271729 -9999 -9999 -9999 -9999 -9999 -9999 -9999 -9999 -9999 -9999 -9999 -9999 -9999 -9999 0 0 0 0 0 0 0 0
0.0988857075572014 0.100519195199013 0.0961294323205948 0.0949385166168213 0.0935037359595299 0.0849904716014862 0.0817399397492409 0.0808634981513023 0.0820362791419029 0.0769666135311127 0.0760354548692703 0.0764964446425438 0.0810549631714821 0.0805164203047752 0.0780091062188148 0.0732491388916969 0.0745286047458649 0.0763767063617706 0.073235884308815 0.0714161396026611 0.0666631460189819 0.0621587112545967 0.0598114728927612 0.0567683428525925 0.0546002686023712 0.0569723695516586 0.0583520159125328 0.057807195931673 0.056144505739212 0.0567279048264027 0.0575285367667675 0.0566702708601952 0.0550266243517399 0.0559998974204063 0.0566259771585464 0.0550004877150059 0.0533213056623936 0.0551594011485577 0.0546332448720932 0.0542097538709641 0.0544512271881104 0.0512683391571045 0.051374789327383 0.0515628084540367 -9999 -9999 -9999 -9999 -9999 -9999 -9999 -9999 -9999 -9999 -9999 0 0 0 0 0 0 0 0
0.107868880033493 0.107573352754116 0.10166797041893 0.094287596642971 0.093750886619091 0.0931938365101814 0.0845112726092339 0.0860949009656906 0.0881628915667534 0.0849703475832939 0.0818378701806068 0.0798889175057411 0.0805440098047256 0.0860290005803108 0.0779853463172913 0.0779062286019325 0.0773018971085548 0.0779367610812187 0.0744717493653297 0.0678078234195709 0.0657921060919762 0.0639904960989952 0.0598618574440479 0.0587429665029049 0.0571358278393745 0.0576513223350048 0.0622994378209114 0.0610377304255962 0.0578674748539925 0.0612468086183071 0.0612525120377541 0.059436958283186 0.0576509051024914 0.0567025542259216 0.0563511177897453 0.0555479861795902 0.0550604723393917 0.0557409934699535 0.0539064481854439 0.0548420324921608 0.0549659915268421 0.0534997768700123 0.0520167872309685 0.0519392527639866 -9999 0.048863023519516 -9999 -9999 0.0496231913566589 -9999 -9999 -9999 -9999 -9999 -9999 0 0 0 0 0 0 0 0
0.0980486944317818 0.104970663785934 0.0972132757306099 0.0962551012635231 0.100376985967159 0.0983395650982857 0.0921628028154373 0.0936932936310768 0.0901813432574272 0.0915813222527504 0.0917254537343979 0.0858496725559235 0.0831484198570251 0.0932094901800156 0.0875987634062767 0.0868256762623787 0.0850641503930092 0.0794921144843102 0.0744703933596611 0.0728034526109695 0.0673823729157448 0.0686959996819496 0.0626544654369354 0.0620242692530155 0.0606596060097218 0.0654829442501068 0.0672592297196388 0.0626060962677002 0.0577665343880653 0.060841016471386 0.0610782168805599 0.0587675310671329 0.0585548020899296 0.0605792962014675 0.0595641545951366 0.0587981007993221 0.0564943701028824 0.0551983378827572 0.0606503859162331 0.0584110133349895 0.0540454797446728 0.0525021404027939 0.0495373867452145 0.0538877882063389 0.0489101782441139 0.0471787229180336 0.0453120321035385 0.0478927530348301 0.0471880733966827 -9999 -9999 -9999 -9999 -9999 -9999 0 0 0 0 0 0 0 0
0.102351926267147 0.103196851909161 0.0988398045301437 0.0986473262310028 0.104101546108723 0.0994709953665733 0.0968867987394333 0.0964991003274918 0.0952194035053253 0.0989089757204056 0.10142320394516 0.0955073013901711 0.0918831452727318 0.103900201618671 0.0969851389527321 0.0922332480549812 0.0878844484686852 0.0815173014998436 0.0805173292756081 0.077096588909626 0.0744389221072197 0.0709653869271278 0.0727634504437447 0.0638839676976204 0.0623245015740395 0.0654460936784744 0.0638253539800644 0.0612052343785763 0.0618708059191704 0.063165582716465 0.0625943019986153 0.0604498721659184 0.0627755895256996 0.0642760396003723 0.0608451031148434 0.0587042793631554 0.0606679879128933 0.0568536631762981 0.0636450126767159 0.0570198148488998 0.0526930540800095 0.0507059022784233 0.0532693974673748 0.0579185299575329 0.0510761477053165 0.0511515326797962 0.0484413802623749 0.0466746054589748 0.0452205576002598 0.0459577515721321 -9999 0.0466170124709606 0.047283723950386 -9999 0.0465537384152412 0 0 0 0 0 0 0 0
0.106360375881195 0.107992418110371 0.102767914533615 0.0989646017551422 0.106524050235748 0.102932140231133 0.0969484150409698 0.0991761460900307 0.0997997000813484 0.107528485357761 0.100704453885555 0.0969578847289085 0.0974308252334595 0.101418174803257 0.0967277213931084 0.0938509553670883 0.0880637913942337 0.0856777280569077 0.0821144953370094 0.0778850540518761 0.0766200721263885 0.0733978375792503 0.0746242552995682 0.0687168538570404 0.0672165080904961 0.0710280016064644 0.0679397583007812 0.0634798184037209 0.0640788450837135 0.0645379647612572 0.0647667348384857 0.0629387870430946 0.0648110657930374 0.0625006556510925 0.0668027773499489 0.0596351772546768 0.0619015023112297 0.0679529011249542 0.0647520422935486 0.0586322881281376 0.0558634512126446 0.0567850917577744 0.0614979043602943 0.0537872351706028 0.0524028651416302 0.0509193576872349 0.0487118251621723 0.0462382212281227 0.0444455780088902 0.04511808604002 0.0447461046278477 0.046596322208643 0.0463405512273312 0.0491544678807259 0.047810148447752 0 0 0 0 0 0 0 0
0.103082232177258 0.106694512069225 0.106199406087399 0.0992245525121689 0.103577129542828 0.107523195445538 0.107446521520615 0.107102662324905 0.108292907476425 0.10770658403635 0.102909304201603 0.103382214903831 0.0942526906728745 0.0998687967658043 0.0939170718193054 0.0915957987308502 0.0923461019992828 0.0906624123454094 0.0851573050022125 0.0798091739416122 0.0778877064585686 0.0746319591999054 0.0765394493937492 0.0778222307562828 0.0779752805829048 0.0758808776736259 0.073628805577755 0.0701336264610291 0.0657915398478508 0.0681634172797203 0.0676945596933365 0.0660780742764473 0.0677016973495483 0.0675549507141113 0.0702970176935196 0.0643210634589195 0.0621593110263348 0.0920619517564774 0.0703399702906609 0.0612735599279404 0.0596818849444389 0.0629685148596764 0.058382049202919 0.0519207455217838 0.0516332387924194 0.0509280189871788 0.0481529422104359 0.045916810631752 0.0462591424584389 0.0473582111299038 0.046877346932888 0.0467738322913647 0.0459360592067242 0.0463335104286671 -9999 0 0 0 0 0 0 0 0
0.102002941071987 0.100783854722977 0.10170379281044 0.102737300097942 0.102380692958832 0.109817616641521 0.112289756536484 0.113594509661198 0.111105196177959 0.113856166601181 0.107268735766411 0.10626444965601 0.100723199546337 0.101025335490704 0.100298397243023 0.0933577492833138 0.0941417962312698 0.0921470001339912 0.0913615003228188 0.0915853753685951 0.0920794755220413 0.0908565670251846 0.0886075645685196 0.0830160528421402 0.0801527574658394 0.0763328969478607 0.0765638425946236 0.0752498060464859 0.0697021409869194 0.0697754621505737 0.066923514008522 0.0704129859805107 0.0723988264799118 0.0711091235280037 0.0696998462080956 0.0696198791265488 0.0707529634237289 0.0703332275152206 0.0664007738232613 0.0646569132804871 0.0627406015992165 0.057136207818985 0.0566512867808342 0.0542547814548016 0.053026344627142 0.0518957898020744 0.0508908294141293 0.0497164279222488 0.0484216399490833 0.0472649000585079 0.0489879101514816 0.0521379560232162 0.0461643896996975 0.0458784550428391 -9999 0 0 0 0 0 0 0 0
0.112223640084267 0.109368726611137 0.106060601770878 0.105410821735859 0.103664062917233 0.106268845498562 0.11057460308075 0.111988745629787 0.103610575199127 0.103521779179573 0.107175998389721 0.103631168603897 0.100200042128563 0.0963006317615509 0.102113746106625 0.0962604880332947 0.0940555408596992 0.092511348426342 0.0959217622876167 0.101663865149021 0.0987869054079056 0.0905233696103096 0.0853751227259636 0.0803514644503593 0.0827419087290764 0.0822332054376602 0.0783652663230896 0.0789471641182899 0.0785172656178474 0.0740566104650497 0.075252577662468 0.075798936188221 0.0786997005343437 0.0758221074938774 0.0755699723958969 0.0752172023057938 0.0718831941485405 0.0687581747770309 0.0664111822843552 0.0637812465429306 0.0632346123456955 0.0614340752363205 0.0603974722325802 0.0557032413780689 0.0538743063807487 0.0542695708572865 0.0520197711884975 0.0518066324293613 0.0528868809342384 0.0524867735803127 0.055141381919384 0.0543740130960941 0.048335462808609 0.0476124472916126 -9999 0 0 0 0 0 0 0 0
0.120194487273693 0.118801847100258 0.116600655019283 0.114728488028049 0.102931641042233 0.10585118830204 0.109995357692242 0.106037639081478 0.104713849723339 0.100062310695648 0.103906437754631 0.103791154921055 0.0988273769617081 0.0977417081594467 0.0982656255364418 0.0973741486668587 0.0927779003977776 0.092803567647934 0.0914176627993584 0.091459147632122 0.0922914668917656 0.0913176164031029 0.089678518474102 0.0878820791840553 0.0866334512829781 0.0852389186620712 0.0835077986121178 0.0846907421946526 0.0797905474901199 0.0817092731595039 0.0798557996749878 0.0837925970554352 0.0843497961759567 0.0850982293486595 0.0804944261908531 0.0731394663453102 0.071574367582798 0.0696344971656799 0.0686061978340149 0.0655828341841698 0.0642508342862129 0.0632440894842148 0.0610117204487324 0.0578271336853504 0.0553245134651661 0.0530527010560036 0.0515746809542179 0.0539629459381104 0.0544325150549412 0.05481843277812 0.0526409931480885 0.0503409020602703 0.0517225787043571 0.0501321777701378 -9999 0 0 0 0 0 0 0 0
0.117989622056484 0.115106903016567 0.11591212451458 0.115000642836094 0.0999504029750824 0.105507373809814 0.100298799574375 0.103317610919476 0.107527583837509 0.102595694363117 0.102124683558941 0.103731453418732 0.0990921184420586 0.0941189676523209 0.0958269312977791 0.0982802882790565 0.0957537963986397 0.0934135690331459 0.092584140598774 0.0938051417469978 0.0933247581124306 0.0978239476680756 0.0981723591685295 0.0999718382954597 0.0883835703134537 0.0911156460642815 0.0880410596728325 0.0880417972803116 0.0922838896512985 0.0912142768502235 0.088415116071701 0.0836386904120445 0.0832024812698364 0.0816621258854866 0.0749854370951653 0.0733761191368103 0.0726662799715996 0.0704941377043724 0.0705679431557655 0.0674760863184929 0.0648694634437561 0.0652627497911453 0.0621362663805485 0.0588746890425682 0.0564535334706306 0.0541774444282055 0.0537494793534279 0.0623615048825741 0.059224758297205 0.0542211830615997 0.0524273887276649 0.0512630790472031 0.0534130074083805 0.0542105548083782 -9999 0 0 0 0 0 0 0 0
0.106401570141315 0.108808517456055 0.109459236264229 0.110597044229507 0.0987907648086548 0.101048812270164 0.0976404920220375 0.0994375497102737 0.101937785744667 0.0971670150756836 0.103689782321453 0.0993285998702049 0.104306139051914 0.102848447859287 0.0928767174482346 0.0917022973299026 0.0898852497339249 0.0961011499166489 0.0906903892755508 0.0909468159079552 0.0943445637822151 0.0989303439855576 0.104692652821541 0.102328054606915 0.101098380982876 0.0892898291349411 0.0912395864725113 0.093400239944458 0.0928651914000511 0.0939251184463501 0.0931270644068718 0.0903312265872955 0.0857486203312874 0.081892117857933 0.0779692083597183 0.0760209932923317 0.0763085186481476 0.0711518824100494 0.0692986026406288 0.0671235024929047 0.0671091377735138 0.0672265663743019 0.0630778819322586 0.0619007535278797 0.0589639022946358 0.0551743283867836 0.0570067092776299 0.0607444234192371 0.0585415624082088 0.0557742975652218 0.054491501301527 0.0552705004811287 0.0549419485032558 0.0569728836417198 -9999 0 0 0 0 0 0 0 0
0.106843672692776 0.106222398579121 0.106806248426437 0.10817102342844 0.11041159927845 0.102827526628971 0.105079241096973 0.108269847929478 0.101704902946949 0.0984281376004219 0.104347996413708 0.103404805064201 0.112204678356647 0.109461210668087 0.100961953401566 0.109047837555408 0.103223390877247 0.100542142987251 0.109467014670372 0.105083450675011 0.106837242841721 0.0981259495019913 0.0976586490869522 0.103894397616386 0.106070876121521 0.102821096777916 0.10355693846941 0.0987629964947701 0.104159958660603 0.0981844216585159 0.0928210839629173 0.0892358422279358 0.085047759115696 0.0826176777482033 0.0794621258974075 0.0766893476247787 0.0765130370855331 0.0758516564965248 0.0728310570120811 0.0703580677509308 0.0714981034398079 0.0684908106923103 0.0645522251725197 0.065914198756218 0.0613783597946167 0.0609244778752327 0.0608143098652363 0.0593680739402771 0.0589243695139885 0.0592346340417862 0.0577110052108765 0.0574740804731846 0.0571917146444321 0.0545418187975883 -9999 0 0 0 0 0 0 0 0
0.113216370344162 0.112578086555004 0.114095039665699 0.10747604817152 0.110005781054497 0.106319606304169 0.109136566519737 0.107618227601051 0.111064344644547 0.108969621360302 0.111914910376072 0.106185182929039 0.113612420856953 0.110048621892929 0.111365646123886 0.11561930924654 0.119253754615784 0.120778799057007 0.124655596911907 0.11612806469202 0.115953288972378 0.100141137838364 0.100300706923008 0.102096199989319 0.10676883161068 0.102920845150948 0.107875622808933 0.102717183530331 0.0969167724251747 0.0991337969899178 0.0948223173618317 0.0920041352510452 0.0890499502420425 0.0866034403443336 0.0815649554133415 0.0801728889346123 0.0783742964267731 0.0778886303305626 0.0731432139873505 0.0699708163738251 0.073550745844841 0.0738289207220078 0.0718426778912544 0.0695515125989914 0.0664727240800858 0.0628901571035385 0.0616509541869164 0.0618957988917828 0.0613521374762058 0.0605964213609695 0.0593126341700554 0.0596107766032219 0.0569934584200382 -9999 -9999 0 0 0 0 0 0 0 0
0.112653605639935 0.107248865067959 0.111091047525406 0.105171047151089 0.111845813691616 0.104807034134865 0.109997041523457 0.106581762433052 0.110282853245735 0.106260560452938 0.104394733905792 0.10629977285862 0.111768819391727 0.115483693778515 0.120246723294258 0.122963413596153 0.121260121464729 0.124793775379658 0.12160636484623 0.12488180398941 0.122951835393906 0.118262462317944 0.110233299434185 0.107886128127575 0.100785590708256 0.108198225498199 0.101015999913216 0.103246666491032 0.0995479673147202 0.100510030984879 0.0978583768010139 0.0948887392878532 0.0947828814387321 0.0929954126477242 0.0891002267599106 0.0862436667084694 0.0816357284784317 0.0807579904794693 0.0775024592876434 0.0756273865699768 0.0736247077584267 0.0742163807153702 0.0705806538462639 0.0679545402526855 0.0676235631108284 0.064347580075264 0.0630193799734116 0.0599716827273369 0.0606811381876469 0.0626317784190178 0.061849556863308 0.0572970099747181 0.0623776987195015 -9999 -9999 0 0 0 0 0 0 0 0
0.11652760207653 0.108574397861958 0.104110606014729 0.103684179484844 0.105147391557693 0.106345154345036 0.109454542398453 0.106909200549126 0.106601536273956 0.109311304986477 0.110550850629807 0.107540346682072 0.11580852419138 0.114310309290886 0.105749689042568 0.107311740517616 0.105864197015762 0.10297317802906 0.111876845359802 0.103872038424015 0.120996698737144 0.118273042142391 0.111784361302853 0.108997717499733 0.105588369071484 0.105080626904964 0.102795511484146 0.101085901260376 0.100310921669006 0.100718483328819 0.105943612754345 0.0972007513046265 0.0942030176520348 0.0926235020160675 0.0943911448121071 0.0902466401457787 0.0861380100250244 0.0869506523013115 0.0794243440032005 0.0796497315168381 0.0789318382740021 0.0750094279646873 0.072560615837574 0.068827785551548 0.0668406039476395 0.0670544281601906 0.0664924532175064 0.0668069869279861 0.0688580945134163 0.0627294480800629 0.0631199479103088 0.0577326342463493 0.0632934793829918 -9999 -9999 0 0 0 0 0 0 0 0
0.108781293034554 0.119120724499226 0.114680662751198 0.107293412089348 0.105730570852757 0.0998214110732079 0.0952289029955864 0.0969425067305565 0.0962376743555069 0.101940870285034 0.0953891351819038 0.0966609641909599 0.0941307991743088 0.0931605324149132 0.100887164473534 0.102859385311604 0.100285239517689 0.0962634012103081 0.104107432067394 0.0960911810398102 0.101375870406628 0.115648090839386 0.117585353553295 0.112653858959675 0.102694012224674 0.102633133530617 0.101395934820175 0.106353297829628 0.110562026500702 0.107289083302021 0.102440781891346 0.0970123931765556 0.095902681350708 0.0974637269973755 0.0963199064135551 0.094304546713829 0.0936303958296776 0.0880018472671509 0.0829202756285667 0.0795887261629105 0.0806965157389641 0.0763637498021126 0.0758335292339325 0.0740747898817062 0.0739418119192123 0.074289858341217 0.0774404555559158 0.0706966742873192 0.065650962293148 0.0662564486265182 0.062791608273983 0.0595679953694344 0.0641633495688438 -9999 -9999 0 0 0 0 0 0 0 0
