phylospatial_scripts/06_phylobetadiversity/phylobetadiversity_example_data/suitability_LDMs/Alopoglossus_angulatus_Lineage_01.asc
NCOLS 948 
NROWS 876 
XLLCORNER -82.0001392819398 
YLLCORNER -23.000139157402 
CELLSIZE 0.0416666665010753 
NODATA_value -9999 
[rows 532 to 559 of 876, columns 567 to 629 of 948]
0.169999748468399 0.172039598226547 0.143379047513008 0.117410629987717 0.113565735518932 0.183044612407684 0.124552011489868 0.113598436117172 0.138864889740944 0.0896607488393784 0.0929280295968056 0.0997554883360863 0.119528084993362 0.158112779259682 0.166553914546967 0.188200891017914 0.146265760064125 0.142313703894615 0.133606314659119 0.133934259414673 0.122814454138279 0.126553490757942 0.130483388900757 0.115495324134827 0.119169883430004 0.115905471146107 0.120914041996002 0.129948437213898 0.135074988007545 0.134348511695862 0.135379537940025 0.139554977416992 0.127425163984299 0.124960154294968 0.139510601758957 0.144843116402626 0.144633337855339 0.152881249785423 0.153992176055908 0.152591899037361 0.159142911434174 0.139156818389893 0.153268456459045 0.151196658611298 0.145113453269005 0.14763443171978 0.131336629390717 0.131291747093201 0.124384552240372 0.123492799699306 0.120778597891331 0.12506440281868 0.12989005446434 0.148328959941864 0.144222795963287 0.140378043055534 0.132090151309967 0.140700787305832 0.147004902362823 0.16563107073307 0.163929775357246 0.136718809604645 0.139603346586227
0.140449002385139 0.147051021456718 0.135386809706688 0.114253371953964 0.130232661962509 0.18529286980629 0.124297276139259 0.101929157972336 0.14930921792984 0.105399563908577 0.118013896048069 0.131597176194191 0.12280161678791 0.114418879151344 0.133589833974838 0.148993387818336 0.142279893159866 0.161255344748497 0.130675569176674 0.13888493180275 0.149390399456024 0.127343088388443 0.127972319722176 0.12727689743042 0.124337434768677 0.128777518868446 0.134329587221146 0.136263400316238 0.136642277240753 0.129192531108856 0.131072610616684 0.13001312315464 0.135188370943069 0.141117632389069 0.141334310173988 0.149714931845665 0.146017163991928 0.140009462833405 0.14667172729969 0.145782887935638 0.148100703954697 0.127632588148117 0.137160062789917 0.146643042564392 0.146584048867226 0.145448923110962 0.127973616123199 0.14136865735054 0.141142576932907 0.137006521224976 0.125928208231926 0.124119564890862 0.125057518482208 0.13795468211174 0.150424316525459 0.145535960793495 0.137405708432198 0.146139398217201 0.151535078883171 0.136793807148933 0.124364458024502 0.114650532603264 0.104174196720123
0.127547547221184 0.118131682276726 0.114112064242363 0.125140964984894 0.181918561458588 0.187053084373474 0.124050818383694 0.118162676692009 0.167756959795952 0.146883681416512 0.124663606286049 0.111900337040424 0.124818496406078 0.125934407114983 0.127341374754906 0.125069886445999 0.116938166320324 0.145279362797737 0.127910673618317 0.141148909926414 0.141663938760757 0.160553485155106 0.177045002579689 0.144722610712051 0.12498614937067 0.124365396797657 0.143794119358063 0.142795041203499 0.133882328867912 0.136332511901855 0.120253078639507 0.124256730079651 0.127488657832146 0.132966190576553 0.143224060535431 0.136295527219772 0.143098637461662 0.143758699297905 0.140150755643845 0.139695078134537 0.146867051720619 0.141674801707268 0.154470950365067 0.148422837257385 0.143180832266808 0.143537357449532 0.146638438105583 0.154531866312027 0.148102328181267 0.147079840302467 0.135631173849106 0.147460371255875 0.142896115779877 0.158037096261978 0.152645587921143 0.152836114168167 0.157542735338211 0.158534422516823 0.148540869355202 0.134934335947037 0.144260123372078 0.130430936813354 0.10390068590641
0.116215258836746 0.10538425296545 0.132985442876816 0.145061701536179 0.144296392798424 0.1487026065588 0.121165961027145 0.118274480104446 0.169691443443298 0.145856812596321 0.131045013666153 0.117488212883472 0.122662395238876 0.129917025566101 0.116368614137173 0.107488639652729 0.113585740327835 0.126011952757835 0.134356290102005 0.127185478806496 0.134719401597977 0.133072316646576 0.164913833141327 0.140453159809113 0.127280861139297 0.120928220450878 0.131753847002983 0.166256949305534 0.134207308292389 0.138265296816826 0.129660829901695 0.121490962803364 0.127900466322899 0.123920299112797 0.127139925956726 0.130070254206657 0.132483690977097 0.139903724193573 0.134502321481705 0.141135394573212 0.13127413392067 0.137693539261818 0.144434452056885 0.132351577281952 0.136063873767853 0.152060747146606 0.159692049026489 0.143553137779236 0.133449122309685 0.140211924910545 0.137896165251732 0.145455434918404 0.130347609519958 0.124011114239693 0.156853199005127 0.169264107942581 0.187860459089279 0.149271130561829 0.155088603496552 0.12202824652195 0.121202327311039 0.126193553209305 0.118515521287918
0.0994068458676338 0.11324168741703 0.120553456246853 0.183460980653763 0.143031656742096 0.13582469522953 0.126581102609634 0.120616264641285 0.139896869659424 0.156362354755402 0.181930005550385 0.147788554430008 0.119434624910355 0.121584437787533 0.123910889029503 0.11931561678648 0.117894023656845 0.114800728857517 0.117031402885914 0.12529993057251 0.130521565675735 0.135350853204727 0.144213646650314 0.140020191669464 0.133931264281273 0.14792837202549 0.146428361535072 0.1547532081604 0.133313030004501 0.120980434119701 0.115349918603897 0.12073776870966 0.136932089924812 0.119635261595249 0.125012084841728 0.132474109530449 0.138473123311996 0.129718020558357 0.133040383458138 0.124257050454617 0.122157603502274 0.135587945580482 0.129257634282112 0.133709087967873 0.147179618477821 0.136019960045815 0.129582926630974 0.124801695346832 0.124331943690777 0.140838727355003 0.142008706927299 0.126170873641968 0.141097024083138 0.140833765268326 0.150770455598831 0.151518926024437 0.144622579216957 0.135807022452354 0.130392298102379 0.142104864120483 0.130899429321289 0.137180015444756 0.131589293479919
0.125305727124214 0.116826318204403 0.112869739532471 0.189600735902786 0.136828154325485 0.127495393157005 0.110403209924698 0.133737206459045 0.177159070968628 0.186733767390251 0.137588381767273 0.121181897819042 0.139408946037292 0.120631575584412 0.124043434858322 0.12102272361517 0.111501656472683 0.103101454675198 0.102783754467964 0.109724573791027 0.119939759373665 0.129376530647278 0.114160247147083 0.124274432659149 0.129915118217468 0.149422645568848 0.145665839314461 0.143353864550591 0.149511575698853 0.135657384991646 0.120910122990608 0.117999881505966 0.122540302574635 0.122189097106457 0.118388928472996 0.122891135513783 0.126363158226013 0.127266854047775 0.123390331864357 0.124506153166294 0.131738379597664 0.139516592025757 0.131354555487633 0.139021635055542 0.123830363154411 0.123136632144451 0.120269365608692 0.125770211219788 0.131748184561729 0.147316455841064 0.144231855869293 0.138248652219772 0.148816511034966 0.137559235095978 0.144598871469498 0.142073184251785 0.118799269199371 0.11768763512373 0.119443640112877 0.11570979654789 0.117569491267204 0.126158177852631 0.12671734392643
0.133764833211899 0.129803195595741 0.16900660097599 0.16726878285408 0.130522146821022 0.128058061003685 0.116077050566673 0.111505761742592 0.147664964199066 0.166208565235138 0.129538401961327 0.134491816163063 0.136751845479012 0.123936384916306 0.147148475050926 0.152082487940788 0.115316420793533 0.105834901332855 0.103065304458141 0.109782554209232 0.109091840684414 0.10597937554121 0.10747841745615 0.11663444340229 0.12337788939476 0.127267837524414 0.121904842555523 0.118389487266541 0.13479009270668 0.132758259773254 0.154092311859131 0.149038106203079 0.130014032125473 0.1281578540802 0.120084322988987 0.135623037815094 0.119844123721123 0.10993492603302 0.113520920276642 0.117178946733475 0.124548174440861 0.123945526778698 0.128350719809532 0.115260846912861 0.116704277694225 0.118886791169643 0.112094193696976 0.120549783110619 0.139476507902145 0.136615782976151 0.125701889395714 0.133598327636719 0.140591025352478 0.1369519084692 0.149188175797462 0.141928762197495 0.114554837346077 0.119299709796906 0.11139278113842 0.108132034540176 0.113075658679008 0.114174783229828 0.111393339931965
-9999 -9999 0.160731673240662 0.14202544093132 0.119650885462761 0.113234832882881 0.110043898224831 0.105452962219715 0.12289534509182 0.121378004550934 0.143913105130196 0.124922268092632 0.117570303380489 0.138094663619995 0.131138175725937 0.118632063269615 0.113808862864971 0.129319161176682 0.0998785048723221 0.101561032235622 0.116324573755264 0.118433587253094 0.119640380144119 0.110467597842216 0.111221946775913 0.114891797304153 0.14228031039238 0.146543920040131 0.190288111567497 0.153958082199097 0.125370621681213 0.132663086056709 0.128510817885399 0.109816014766693 0.117341376841068 0.130768314003944 0.147873237729073 0.126132294535637 0.120796248316765 0.125163435935974 0.122404217720032 0.121186807751656 0.118551947176456 0.110327675938606 0.114389769732952 0.117916643619537 0.120748303830624 0.130858018994331 0.137967079877853 0.124428108334541 0.122989498078823 0.128549128770828 0.127279832959175 0.153848618268967 0.147506341338158 0.135833442211151 0.146306693553925 0.14638277888298 0.140902474522591 0.144113838672638 0.137812286615372 0.135663196444511 0.13120898604393
-9999 -9999 -9999 -9999 0.125673443078995 0.106779187917709 0.103679373860359 0.103089481592178 0.119738928973675 0.108711756765842 0.107558868825436 0.126059159636497 0.143002316355705 0.0994008034467697 0.106730632483959 0.125858515501022 0.136564359068871 0.130794256925583 0.149576812982559 0.10466418415308 0.117909394204617 0.125891670584679 0.112251840531826 0.102557346224785 0.0999911203980446 0.124508403241634 0.108081623911858 0.139592781662941 0.159077778458595 0.180830255150795 0.133855983614922 0.124703720211983 0.127694815397263 0.131450682878494 0.159256756305695 0.153788208961487 0.151319742202759 0.141652807593346 0.143576055765152 0.171894356608391 0.153769701719284 0.150592535734177 0.135867521166801 0.129393547773361 0.141545370221138 0.144872039556503 0.127108588814735 0.132835999131203 0.148283913731575 0.114806205034256 0.117382787168026 0.10793075710535 0.121775195002556 0.147495567798615 0.151385977864265 0.12812402844429 0.150909125804901 0.138120055198669 0.138067677617073 0.148610472679138 0.14437760412693 0.136282190680504 0.136201620101929
-9999 -9999 -9999 -9999 -9999 -9999 0.119153410196304 0.124952793121338 0.123534850776196 0.118310801684856 0.119644552469254 0.111982487142086 0.127100452780724 0.141747489571571 0.117080792784691 0.0967356860637665 0.119381099939346 0.142420083284378 0.115634575486183 0.141418993473053 0.109983772039413 0.132420986890793 0.0967347100377083 0.102237336337566 0.108239054679871 0.107110068202019 0.116793304681778 0.125861868262291 0.129691153764725 0.142185017466545 0.123716279864311 0.12790684401989 0.120077133178711 0.150644853711128 0.153678357601166 0.134506851434708 0.135708421468735 0.125099271535873 0.141311630606651 0.124065160751343 0.125522941350937 0.125462770462036 0.129056453704834 0.131885841488838 0.130000114440918 0.130034282803535 0.147048830986023 0.146305814385414 0.157840713858604 0.14923657476902 0.138644590973854 0.117139980196953 0.15131051838398 0.155509248375893 0.140053227543831 0.123148649930954 0.12692728638649 0.151739433407784 0.131791293621063 0.130303591489792 0.133623257279396 0.121180661022663 0.118999503552914
-9999 -9999 -9999 -9999 -9999 -9999 -9999 -9999 0.122361995279789 0.119250401854515 0.137192443013191 0.13193579018116 0.138421028852463 0.123730450868607 0.142993658781052 0.1402837485075 0.153715327382088 0.147653847932816 0.120391845703125 0.106538951396942 0.131073474884033 0.113499112427235 0.0993560329079628 0.109450750052929 0.115102916955948 0.129228949546814 0.141915127635002 0.153985098004341 0.138099983334541 0.120171278715134 0.114612400531769 0.132461473345757 0.137941151857376 0.149669051170349 0.130719617009163 0.126940459012985 0.116308607161045 0.122568354010582 0.119727201759815 0.108414426445961 0.114101499319077 0.123612433671951 0.115152187645435 0.120954073965549 0.132351398468018 0.14044177532196 0.131945937871933 0.140200302004814 0.13892325758934 0.139989256858826 0.142315119504929 0.152904883027077 0.16768553853035 0.164209797978401 0.133331701159477 0.121812045574188 0.110454745590687 0.119690723717213 0.126526042819023 0.133975818753242 0.126104742288589 0.134460315108299 0.117070913314819
-9999 -9999 -9999 -9999 -9999 -9999 -9999 -9999 -9999 -9999 0.0954410880804062 0.119732454419136 0.147793412208557 0.137296631932259 0.125300586223602 0.120509944856167 0.115932166576385 0.132191032171249 0.133878141641617 0.145057156682014 0.131038978695869 0.132893830537796 0.129996046423912 0.150629043579102 0.149498775601387 0.18376199901104 0.182541787624359 0.16465850174427 0.146769911050797 0.144655495882034 0.145358309149742 0.130473062396049 0.113156519830227 0.114524379372597 0.110551416873932 0.110933646559715 0.108670897781849 0.114494182169437 0.117785051465034 0.11592673510313 0.114390447735786 0.111137926578522 0.113296650350094 0.11507810652256 0.117101207375526 0.119005270302296 0.127120807766914 0.122496366500854 0.136550769209862 0.158305689692497 0.135233238339424 0.130936175584793 0.133087381720543 0.134481713175774 0.123358681797981 0.122537158429623 0.114454463124275 0.110272958874702 0.104255385696888 0.112451896071434 0.108725816011429 0.113612465560436 0.112552180886269
-9999 -9999 -9999 -9999 -9999 -9999 -9999 -9999 -9999 -9999 -9999 -9999 0.0980398654937744 0.0995380580425262 0.120234876871109 0.104824855923653 0.107677534222603 0.116518437862396 0.107671223580837 0.113268882036209 0.136710613965988 0.161471873521805 0.145690873265266 0.145640566945076 0.124334067106247 0.11995393037796 0.106966927647591 0.116089381277561 0.149004459381104 0.203501999378204 0.209637433290482 0.197268307209015 0.178418919444084 0.153895333409309 0.130720809102058 0.136906459927559 0.149424478411674 0.140256717801094 0.13064906001091 0.122613772749901 0.127224132418633 0.121566504240036 0.109576858580112 0.104939416050911 0.110904335975647 0.112093470990658 0.120609723031521 0.129531294107437 0.148179173469543 0.142487674951553 0.126852944493294 0.124358892440796 0.108488336205482 0.121651545166969 0.160420715808868 0.144076392054558 0.120244041085243 0.117374531924725 0.114799834787846 0.134740233421326 0.133262097835541 0.123258508741856 0.11106301099062
-9999 -9999 -9999 -9999 -9999 -9999 -9999 -9999 -9999 -9999 -9999 -9999 -9999 -9999 0.0958474278450012 0.10747043043375 0.0996085107326508 0.111053891479969 0.119113132357597 0.106752410531044 0.11865708231926 0.130947962403297 0.128483131527901 0.108984008431435 0.0930932015180588 0.103305026888847 0.111205607652664 0.112683340907097 0.132996559143066 0.171022936701775 0.171862244606018 0.154728472232819 0.167683482170105 0.187170594930649 0.188245594501495 0.188250064849854 0.169491186738014 0.150778993964195 0.138946071267128 0.143783882260323 0.136545121669769 0.130411475896835 0.129432037472725 0.11580852419138 0.113900125026703 0.106741800904274 0.111336261034012 0.142473608255386 0.129873692989349 0.149118825793266 0.151155412197113 0.138087272644043 0.146606415510178 0.137756004929543 0.141129747033119 0.148767679929733 0.134685561060905 0.136896565556526 0.133012235164642 0.142869472503662 0.126661911606789 0.114171721041203 0.113270290195942
-9999 -9999 -9999 -9999 -9999 -9999 -9999 -9999 -9999 -9999 -9999 -9999 -9999 -9999 -9999 -9999 -9999 -9999 -9999 0.108105547726154 0.108027368783951 0.108794145286083 0.111173771321774 0.104727417230606 0.0966854989528656 0.101167634129524 0.104048848152161 0.124758519232273 0.144771084189415 0.135660171508789 0.128850713372231 0.130286425352097 0.131826058030128 0.126682981848717 0.123984895646572 0.131844013929367 0.125785142183304 0.154241368174553 0.147247359156609 0.13586288690567 0.130327343940735 0.131512135267258 0.115244507789612 0.139915883541107 0.141161680221558 0.129896551370621 0.128622487187386 0.124071203172207 0.120040081441402 0.117824763059616 0.124674059450626 0.132140189409256 0.123810552060604 0.123487271368504 0.118314802646637 0.117427915334702 0.125612691044807 0.127893432974815 0.135959282517433 0.138192698359489 0.133947417140007 0.128353953361511 0.11933071911335
-9999 -9999 -9999 -9999 -9999 -9999 -9999 -9999 -9999 -9999 -9999 -9999 -9999 -9999 -9999 -9999 -9999 -9999 -9999 -9999 -9999 -9999 -9999 -9999 -9999 0.096569836139679 0.122534289956093 0.133182764053345 0.140247583389282 0.139907225966454 0.159385830163956 0.12444493919611 0.124890238046646 0.120695814490318 0.13103760778904 0.114722654223442 0.118081867694855 0.126010254025459 0.13675682246685 0.129635989665985 0.137644127011299 0.135515987873077 0.123928807675838 0.12863090634346 0.11548276245594 0.12058175355196 0.144716739654541 0.136518746614456 0.134189620614052 0.125877678394318 0.125869736075401 0.125711038708687 0.120339117944241 0.118928857147694 0.126870170235634 0.109451644122601 0.113408803939819 0.11350104957819 0.117275066673756 0.112027406692505 0.110571451485157 0.104145355522633 0.115165941417217
-9999 -9999 -9999 -9999 -9999 -9999 -9999 -9999 -9999 -9999 -9999 -9999 -9999 -9999 -9999 -9999 -9999 -9999 -9999 -9999 -9999 -9999 -9999 -9999 -9999 -9999 -9999 -9999 -9999 -9999 -9999 0.120925292372704 0.173397943377495 0.117540210485458 0.122383810579777 0.120066434144974 0.11116960644722 0.118555456399918 0.15105265378952 0.145928516983986 0.137304738163948 0.129750058054924 0.12052807956934 0.121064059436321 0.124453283846378 0.120078302919865 0.119376756250858 0.129279851913452 0.165153175592422 0.147135987877846 0.144667714834213 0.167151421308517 0.143629059195518 0.11968445032835 0.115690879523754 0.11731094121933 0.109952956438065 0.109438307583332 0.107115410268307 0.102803483605385 0.111462488770485 0.129782304167747 0.112634189426899
-9999 -9999 -9999 -9999 -9999 -9999 -9999 -9999 -9999 -9999 -9999 -9999 -9999 -9999 -9999 -9999 -9999 -9999 -9999 -9999 -9999 -9999 -9999 -9999 -9999 -9999 -9999 -9999 -9999 -9999 -9999 -9999 -9999 -9999 -9999 -9999 -9999 -9999 0.134800255298615 0.144941926002502 0.131339505314827 0.116259634494781 0.127813786268234 0.122280605137348 0.125187799334526 0.124709643423557 0.126991733908653 0.129130944609642 0.15126721560955 0.151636108756065 0.145906776189804 0.173550948500633 0.147946372628212 0.113201513886452 0.114716231822968 0.106006219983101 0.112807251513004 0.119215317070484 0.126109600067139 0.130462244153023 0.144431665539742 0.185081094503403 0.208039179444313
-9999 -9999 -9999 -9999 -9999 -9999 -9999 -9999 -9999 -9999 -9999 -9999 -9999 -9999 -9999 -9999 -9999 -9999 -9999 -9999 -9999 -9999 -9999 -9999 -9999 -9999 -9999 -9999 -9999 -9999 -9999 -9999 -9999 -9999 -9999 -9999 -9999 -9999 -9999 -9999 -9999 -9999 -9999 -9999 0.123526521027088 0.12368805706501 0.129754409193993 0.12820765376091 0.149953678250313 0.181806966662407 0.142364382743835 0.147331297397614 0.140342220664024 0.114515073597431 0.107363060116768 0.0986908227205276 0.109830774366856 0.134754061698914 -9999 -9999 -9999 -9999 -9999
-9999 -9999 -9999 -9999 -9999 -9999 -9999 -9999 -9999 -9999 -9999 -9999 -9999 -9999 -9999 -9999 -9999 -9999 -9999 -9999 -9999 -9999 -9999 -9999 -9999 -9999 -9999 -9999 -9999 -9999 -9999 -9999 -9999 -9999 -9999 -9999 -9999 -9999 -9999 -9999 -9999 -9999 -9999 -9999 -9999 -9999 -9999 -9999 -9999 -9999 0.185342743992805 0.160344004631042 -9999 -9999 -9999 -9999 -9999 -9999 -9999 -9999 -9999 -9999 -9999
0 0 0 0 0 0 0 0 0 0 0 0 0 0 0 0 0 0 0 0 0 0 0 0 0 0 0 0 0 0 0 0 0 0 0 0 0 0 0 0 0 0 0 0 0 0 0 0 0 0 0 0 0 0 0 0 0 0 0 0 0 0 0
0 0 0 0 0 0 0 0 0 0 0 0 0 0 0 0 0 0 0 0 0 0 0 0 0 0 0 0 0 0 0 0 0 0 0 0 0 0 0 0 0 0 0 0 0 0 0 0 0 0 0 0 0 0 0 0 0 0 0 0 0 0 0
0 0 0 0 0 0 0 0 0 0 0 0 0 0 0 0 0 0 0 0 0 0 0 0 0 0 0 0 0 0 0 0 0 0 0 0 0 0 0 0 0 0 0 0 0 0 0 0 0 0 0 0 0 0 0 0 0 0 0 0 0 0 0
0 0 0 0 0 0 0 0 0 0 0 0 0 0 0 0 0 0 0 0 0 0 0 0 0 0 0 0 0 0 0 0 0 0 0 0 0 0 0 0 0 0 0 0 0 0 0 0 0 0 0 0 0 0 0 0 0 0 0 0 0 0 0
0 0 0 0 0 0 0 0 0 0 0 0 0 0 0 0 0 0 0 0 0 0 0 0 0 0 0 0 0 0 0 0 0 0 0 0 0 0 0 0 0 0 0 0 0 0 0 0 0 0 0 0 0 0 0 0 0 0 0 0 0 0 0
0 0 0 0 0 0 0 0 0 0 0 0 0 0 0 0 0 0 0 0 0 0 0 0 0 0 0 0 0 0 0 0 0 0 0 0 0 0 0 0 0 0 0 0 0 0 0 0 0 0 0 0 0 0 0 0 0 0 0 0 0 0 0
0 0 0 0 0 0 0 0 0 0 0 0 0 0 0 0 0 0 0 0 0 0 0 0 0 0 0 0 0 0 0 0 0 0 0 0 0 0 0 0 0 0 0 0 0 0 0 0 0 0 0 0 0 0 0 0 0 0 0 0 0 0 0
0 0 0 0 0 0 0 0 0 0 0 0 0 0 0 0 0 0 0 0 0 0 0 0 0 0 0 0 0 0 0 0 0 0 0 0 0 0 0 0 0 0 0 0 0 0 0 0 0 0 0 0 0 0 0 0 0 0 0 0 0 0 0
